0	 36.950737	  5.982425	 39.182076	  0.340916	 -0.421721	 -0.011063	
1	 10.263596	 47.418446	 41.880901	 -0.790415	 -0.218494	 -0.180454	
2	 26.819504	  5.394089	 32.880043	 -0.465935	 -0.178709	  0.789863	
3	 42.340969	 46.162815	 14.974143	  0.997501	 -0.879283	  0.508804	
4	  4.024860	 19.700415	  9.288212	 -0.437300	  0.537249	  1.112925	
5	 33.566521	 47.845776	 23.103355	 -0.690270	  0.055498	 -0.102283	
6	 34.525097	  7.690593	 33.583939	  0.534362	 -0.056281	 -0.621301	
7	  0.426221	 44.908978	 40.579632	  0.454655	 -0.348304	 -0.916706	
8	 33.026611	 43.591663	 21.174137	 -0.806018	 -0.115596	  0.456338	
9	 38.304913	  0.273409	 42.177631	  0.491949	  0.288191	  0.661794	
10	 16.292538	  7.461089	 22.264286	  0.743213	 -1.976340	 -0.177827	
11	 32.950310	 28.274120	 32.775883	 -0.655886	  0.569596	  0.495353	
12	 19.894478	 18.860769	 40.954109	  0.300337	 -0.105913	 -1.150004	
13	 10.125405	 46.782265	 45.159660	 -0.135684	  0.085309	  0.012907	
14	 18.534569	 16.893473	 38.981762	 -1.126218	 -1.016849	 -0.143550	
15	 33.245754	  7.302509	 47.156849	  0.661339	 -0.420681	 -1.120816	
16	 46.453747	  2.728626	 41.936646	 -0.018785	 -0.068844	 -1.328541	
17	  9.449822	 35.156254	  5.987964	  1.244665	  0.029207	  0.761094	
18	  4.134626	 28.156345	  8.553787	 -0.390048	 -0.035890	 -0.920095	
19	 20.591513	 19.631359	  9.778832	  1.186219	 -0.134577	  0.036813	
20	 31.137716	 35.670906	 44.098125	  0.156716	  0.048675	  0.025990	
21	 38.165512	 38.699379	 43.096832	  1.095093	 -0.091521	  0.155211	
22	 37.008041	  5.148295	 39.689938	  0.196036	 -0.100431	  0.019045	
23	 35.352268	 39.452530	  8.821022	 -0.393031	  0.500286	 -0.298921	
24	  5.699041	  4.095562	 28.661684	 -1.038535	  0.476134	 -0.538146	
25	 26.296837	  2.075170	 18.476011	  0.563030	 -0.466449	 -0.679523	
26	 31.530748	  0.847314	 31.617197	 -0.731411	 -0.590143	  0.958250	
27	 40.771492	 15.106467	 33.044334	  0.232008	 -0.338054	 -0.356585	
28	 46.531506	 14.058416	 16.252337	 -0.206602	  0.042678	  0.186616	
29	 45.351147	 43.897587	 43.374363	  0.436157	  0.577300	  1.190723	
30	 46.538383	 37.399761	 27.753778	  0.724832	 -0.568602	  0.223499	
31	 37.242348	 19.580025	 47.866863	 -0.018429	 -0.667555	  0.222029	
32	 42.316593	  2.006767	 41.941334	 -0.390963	 -0.165390	 -0.831523	
33	 28.018791	 10.695963	 33.763580	 -0.697686	  0.667815	 -0.390941	
34	 16.815859	 22.636768	  0.409349	 -0.615425	 -0.581073	 -0.477885	
35	  8.819914	 22.582708	 33.819092	  0.405192	 -0.819514	 -0.582313	
36	 23.058832	 11.986437	 26.940483	  0.953481	 -0.438940	 -0.325597	
37	 44.381687	 17.143288	 15.148842	 -0.328679	  0.507832	 -0.684403	
38	 42.240051	 25.560450	 26.014757	 -0.141394	 -0.181816	  0.924537	
39	 11.868980	 13.112766	 37.387421	 -0.699433	  0.098112	 -0.417140	
40	 47.650818	 16.782421	 16.429901	  0.483912	 -0.995123	  0.349865	
41	 26.115698	 10.053716	 22.761658	 -0.117398	  0.479112	 -0.362921	
42	 30.101311	 29.593513	 19.811138	 -0.017745	 -0.954511	  0.726964	
43	 42.531734	 28.919117	  7.807871	  0.573294	  0.854926	  0.173212	
44	 39.786537	 12.590696	 47.359158	  0.579844	  0.065959	  0.362669	
45	 19.916979	 37.645550	 21.850525	  0.170503	 -0.049021	 -1.363436	
46	  9.592063	 46.328690	 12.601753	  0.589001	  1.108874	 -0.378434	
47	  3.264605	 32.020828	 13.987051	 -0.238963	 -0.584242	 -0.409697	
48	 18.949362	 26.066355	 11.871216	 -0.391227	 -0.745172	 -0.562874	
49	 16.670208	 14.543116	 34.970089	  0.632829	 -0.101893	  0.094324	
50	  7.260223	 18.800360	  5.730075	  1.019711	  1.004973	 -0.127910	
51	  6.535342	  6.728317	 36.325443	 -0.332672	  0.084559	  0.258294	
52	 27.152252	 34.739819	  0.241526	 -0.610020	 -1.182589	  0.093286	
53	  4.064259	 47.895077	 16.438477	  0.246606	 -0.019227	 -1.121524	
54	  8.181919	 22.050617	  4.201429	  0.035679	 -0.746127	 -0.699404	
55	  1.398445	 36.713562	  1.870956	 -0.517920	  0.258289	 -0.006515	
56	 11.596741	  8.674829	 32.938568	 -0.210938	 -0.378850	  0.187026	
57	 16.024103	 21.980539	  0.954628	  0.424909	  0.141572	  0.559789	
58	 21.749170	 10.729188	 23.270798	  0.416227	  0.687549	 -0.307376	
59	  3.228653	  8.462509	 19.697365	 -0.858145	 -0.231793	  0.152288	
60	 15.865812	 14.978284	  9.696004	 -0.091187	  0.314753	  0.321278	
61	 23.180012	 29.210857	 27.042372	 -0.329836	  0.244049	 -0.301140	
62	 47.238373	  9.353470	 37.630955	 -0.434266	  0.348262	 -0.916452	
63	 24.220642	 12.517147	 45.585789	 -0.180378	 -0.612024	  0.334824	
64	 24.965889	  1.899635	 26.523916	  0.381699	 -0.516956	  0.231087	
65	 42.639809	 27.878683	 43.702457	 -0.429557	  0.069006	 -0.159998	
66	  5.025481	 11.576414	  0.018122	  0.828874	  0.783062	 -0.318945	
67	 26.797104	 18.202568	 28.172745	  0.844485	 -0.430256	  1.042232	
68	 26.002447	  7.005708	 19.456158	 -0.528571	 -0.562904	 -0.020988	
69	 37.693699	  9.407052	  3.990947	 -0.029175	  0.617481	  0.197904	
70	 14.894121	  6.704225	 24.938442	 -0.107193	  0.475407	  0.286087	
71	  9.700315	  7.592949	 32.263176	  0.709966	 -0.716762	  1.028481	
72	 36.925785	 41.908619	 40.146751	  0.427270	  0.122491	 -0.282626	
73	 45.735622	 28.666929	 33.764183	  0.054886	  0.009727	 -0.269018	
74	 24.384056	 17.421862	 32.279594	  0.024009	 -0.123056	  0.626871	
75	 21.526688	 28.098795	 15.417198	 -0.585483	 -0.313641	  0.495818	
76	 25.304846	  9.175117	  2.532598	  0.718879	  0.055514	 -0.723012	
77	 23.967421	  0.533796	  0.103522	  0.167952	  0.333806	 -0.513869	
78	  3.622806	 36.656010	 19.570137	 -0.401732	 -0.110314	 -0.796459	
79	 19.359728	 13.345765	 26.635014	  0.425776	  0.267914	 -0.653244	
80	 31.334229	  0.020381	 39.488018	 -0.565529	  0.062242	 -0.163330	
81	 19.183069	  1.665271	 11.217678	  0.305446	  0.071963	 -0.577401	
82	 20.072222	 39.542187	 24.974085	  0.420170	 -0.202761	  0.834559	
83	 16.410011	 15.453249	 46.985580	 -0.370118	  0.314457	  0.442895	
84	 29.970505	 10.547901	 47.917343	  0.553614	 -0.431378	  0.579808	
85	 27.548643	 23.539959	 29.110273	  0.298995	  0.085293	  1.341581	
86	 12.048579	 20.337238	 34.815586	  0.270949	 -0.344052	  0.629895	
87	 14.947853	  0.461703	 16.231285	 -0.140071	 -0.851930	  0.024888	
88	 43.863976	 30.384823	 11.523451	 -1.175494	 -0.342285	  0.466928	
89	 35.724518	 46.552162	 39.097694	 -0.017663	 -0.710137	  0.444200	
90	 31.240673	 28.931902	 12.054044	  0.063178	  1.153866	  0.030219	
91	 10.716387	  2.306107	 40.924076	  0.376839	 -0.092523	  0.422090	
92	 47.170036	 41.747440	  7.923573	 -0.847808	  0.456673	 -0.269577	
93	 29.583036	 31.345978	 33.923920	 -0.965362	 -0.444603	 -0.287928	
94	 22.128479	 22.843273	 47.307270	  0.352288	 -0.369098	 -0.408198	
95	 40.973705	 39.812859	 45.596169	 -0.471160	 -0.544843	  0.348077	
96	 13.335012	  8.026817	 39.070183	 -0.534082	  0.871674	 -0.614299	
97	 21.767788	  7.669429	 28.664370	 -0.685529	  0.531277	 -0.147897	
98	 15.079771	 25.553558	 30.875034	 -0.485619	  0.053144	 -0.455399	
99	 27.257175	 47.083294	 26.373590	 -0.387862	  0.388029	 -0.020978	
100	 28.497328	 17.462439	 29.069082	 -0.007915	  0.556327	 -0.864589	
101	 15.458632	 28.789413	 45.656013	  0.630060	 -0.819316	  0.524117	
102	 26.759079	 40.896950	 15.009933	 -0.579481	  0.701116	 -0.190615	
103	 42.846909	 17.838991	 45.013332	  0.395859	  0.274604	  0.186148	
104	 47.617062	 22.069546	 28.040106	 -0.364664	 -0.238608	  0.461794	
105	 27.489613	 35.777462	 16.364321	  0.259671	  0.269717	 -0.176894	
106	 39.799366	  3.439906	 45.510506	 -0.417675	 -0.659103	 -0.902296	
107	 38.850994	  0.301027	 13.814239	 -0.822107	  0.613648	  0.031591	
108	 12.292051	  9.209277	  0.527950	  0.145811	  0.144217	  0.450998	
109	 38.797070	 17.329132	  0.801532	 -0.659974	  0.048499	 -1.024317	
110	  2.067170	 21.123316	 32.852081	  0.233461	  0.114574	  0.859834	
111	 38.744740	 20.202780	 17.806843	  0.392715	  0.761573	  0.057204	
112	  8.979281	 20.244854	  7.642745	  1.197891	  0.688536	  0.300337	
113	 29.123810	 13.075975	 41.017162	  0.718235	  0.030287	 -1.030749	
114	 39.671894	 27.891602	 26.361551	  0.896743	 -0.620574	  0.596508	
115	 41.411240	 14.692991	  9.416342	  0.427516	  0.816537	 -0.890428	
116	  0.708145	  7.995072	 35.528282	 -0.840865	  0.851044	 -0.015217	
117	  5.255034	 26.661358	  5.318645	 -0.103724	 -0.584748	  0.415572	
118	 20.257587	 47.585106	 46.429684	 -0.032717	  0.080546	  0.465237	
119	 39.610954	 39.919121	 28.736671	  0.617319	  0.186370	  0.495812	
120	 31.631813	 35.500008	  1.605450	 -0.663294	 -0.410128	  0.409942	
121	 21.012903	 42.885414	 28.465330	 -0.324471	 -0.421703	  0.578480	
122	 29.704832	 19.266270	 20.357101	  0.257846	 -0.259678	  0.752901	
123	 37.085484	 15.441301	 11.393876	 -0.789201	 -0.823249	 -0.535471	
124	 28.363806	 22.371891	 40.097389	  0.130810	 -0.312724	 -0.531448	
125	 26.434563	  7.413036	 11.861650	 -0.424261	  0.166517	 -0.247234	
126	 46.136108	 23.967756	 38.667648	  0.370508	  0.451371	 -0.218185	
127	 21.686470	  4.090125	 28.398291	  0.415351	  0.220291	  0.460493	
128	 21.858305	 29.540529	 22.704483	  0.665399	  0.569857	 -1.520520	
129	  1.735675	 20.353424	 22.269186	  1.058911	  1.141058	 -0.439900	
130	  4.968619	 44.978798	 24.043549	  0.846379	 -0.474435	  0.964362	
131	 22.030500	 17.588362	  4.109558	 -0.252437	  0.154609	 -0.537800	
132	 41.578476	 41.916710	 40.140865	  1.341048	  0.266122	  0.082405	
133	 28.556049	 44.686226	 17.512762	 -1.148377	  0.563546	  0.402033	
134	 37.022026	 26.060955	 17.567163	 -0.623268	  0.388236	  0.313135	
135	 33.445923	 19.178909	 27.147110	  0.291269	 -0.249384	  0.799398	
136	 31.020432	 23.559099	 34.945351	 -0.331700	  0.385326	 -1.029532	
137	 39.766781	 26.059563	 12.282616	  0.237370	  1.602471	 -0.187118	
138	 29.057184	  1.450133	 43.442184	  0.263686	  0.225362	  0.354352	
139	 36.324875	  9.481159	 13.087175	 -0.972831	 -0.249850	  0.213034	
140	 14.156040	 24.885756	 24.516085	 -0.034872	  0.345025	  1.384424	
141	 26.473680	 13.592808	 10.483606	 -0.019958	 -0.723645	 -0.426399	
142	 44.468540	 34.830570	 41.162819	  0.097523	 -0.375785	 -0.312516	
143	 22.613874	 16.010143	 20.598623	 -0.298810	 -0.779759	 -0.728738	
144	  0.767191	 15.044896	  1.116267	  0.363051	  0.868125	  0.401078	
145	 16.472004	 30.906662	 30.465797	  0.197282	  0.337253	 -0.441939	
146	 12.831194	 45.637287	 23.900330	  1.042958	 -0.482123	 -1.213324	
147	  5.276770	 44.480087	 41.730339	 -0.148749	 -0.482013	  0.652442	
148	  2.763543	  1.657117	 27.954033	 -0.355881	 -0.240738	  0.280437	
149	 23.188070	 33.683853	  1.622842	 -1.071044	  0.657951	 -0.581789	
150	  9.431973	 36.403404	 47.563225	  0.725226	 -0.243828	  0.726843	
151	 41.178925	 10.715920	 39.001480	 -0.017414	 -0.188507	 -0.301337	
152	 24.128994	 45.508553	  7.137474	 -0.432975	  0.806150	  0.946838	
153	  9.641121	 33.632637	 47.842793	  0.581640	 -0.590551	 -0.293916	
154	 36.069637	 13.686853	 17.523838	 -0.485899	 -0.540619	 -0.202283	
155	  8.411569	 47.435448	 46.770325	 -0.069114	 -0.024049	 -1.062577	
156	 17.351559	  2.316253	  5.078835	 -0.606605	  0.075792	  0.413822	
157	 46.013832	 29.601498	 26.573540	 -0.442896	 -0.267879	 -0.622624	
158	  6.738177	 20.497431	 10.524570	  0.419278	 -0.681054	  0.624201	
159	  0.702467	 38.733170	 16.127312	 -0.687494	 -0.444931	 -0.277520	
160	 16.196402	 16.217487	 32.476254	  0.370781	 -0.023530	 -1.262415	
161	 11.478436	 35.357937	  9.407746	  0.381240	 -0.416038	  0.160712	
162	 17.796885	 42.256313	  1.452085	  0.624003	  0.294864	 -0.438545	
163	 44.044411	 19.024317	  0.944742	 -0.488371	  0.463181	 -0.250068	
164	 24.254921	 11.101858	  5.564509	 -0.846394	  0.400312	  0.314038	
165	  5.682296	 31.539469	 41.079067	  0.098953	  0.510554	 -1.013874	
166	  4.920506	 46.467770	 14.630513	 -0.689207	  0.673737	  0.279681	
167	 36.675655	 15.777561	 23.202740	 -0.645784	 -0.822814	  0.052889	
168	 17.530228	 19.476723	 45.568775	 -0.266842	  0.144451	  0.627807	
169	 41.982246	  9.961956	 18.897188	  0.474981	  0.509217	 -1.148775	
170	 39.875469	 47.947609	 35.913460	 -0.535873	 -0.577691	  0.569300	
171	  7.572241	 10.049359	 47.102364	 -0.124199	 -0.191515	 -0.488594	
172	  9.791452	 31.966679	 21.916552	  0.606329	  0.515271	 -0.795204	
173	 10.408682	 25.431139	 25.799982	  0.139113	  1.160505	  0.143887	
174	 28.531544	 18.975410	 15.498151	 -0.038831	  0.184651	  0.803175	
175	 45.177704	  4.419375	 35.573368	 -0.705835	  1.228453	  0.061554	
176	 25.030766	 14.251507	 38.926338	 -0.947276	  0.498097	  0.594590	
177	 44.386070	 42.300568	 38.403107	  0.014657	  0.585668	  0.560643	
178	 15.201793	 35.994972	  4.587122	  0.147200	 -0.746211	 -0.162567	
179	 33.169170	 26.013205	 41.303074	 -0.145426	 -0.485876	 -1.130255	
180	 39.309498	  3.738724	 31.548792	  0.298734	 -0.558585	 -0.114333	
181	 22.227850	 10.472067	 18.939074	 -0.739577	 -0.561289	  0.403988	
182	 28.800758	 41.454235	 41.753315	 -0.945628	  0.472915	 -0.442141	
183	 14.597762	 23.939520	 38.754707	  0.243049	  0.561183	  0.192406	
184	 47.929443	  4.681204	  6.464387	  0.103197	 -1.252608	  1.177416	
185	  7.140697	 39.499535	 12.835423	 -0.707274	 -0.447441	 -0.655200	
186	  9.397021	 15.117737	 14.126772	  0.476793	  0.182321	  0.726766	
187	 23.824436	  3.663751	  0.821343	 -0.490704	 -0.401936	  0.548504	
188	 27.619270	 43.920399	  8.986654	 -1.055450	  0.837407	  0.453519	
189	 43.705570	 37.386600	 44.307056	 -0.062747	  0.511214	  1.229616	
190	 39.416103	 11.140510	 27.150948	  0.500326	 -0.009122	  0.204689	
191	 37.088879	  9.005724	 14.725629	 -0.797291	 -1.030325	  0.289000	
192	 22.719681	 23.870319	 29.445450	  0.183989	 -0.666019	 -0.409467	
193	 13.722153	 47.199074	 10.859117	 -0.667298	  0.804590	 -0.283714	
194	 47.295101	 33.975822	 36.567333	  0.353370	 -0.267586	  0.839537	
195	 24.149614	  5.957652	 21.438175	 -0.464752	 -0.497189	  0.164183	
196	 25.726276	 15.216528	 28.069603	 -0.942316	  0.210941	 -0.144180	
197	 45.340225	 22.594236	 43.681751	  0.251047	 -0.187004	  0.248536	
198	 36.242813	 33.487305	  5.311932	  0.834161	  0.859989	 -0.637993	
199	 18.635386	 32.387039	 18.015476	 -0.626554	  0.719765	  0.116807	
200	 35.701256	 38.239025	 33.810913	 -0.770393	  0.484830	 -0.174655	
201	 12.181826	 43.310818	 32.899952	  0.023455	 -0.255691	 -0.283480	
202	  5.196569	 46.231155	 25.868107	  0.846169	  0.292031	 -0.962234	
203	 25.449633	 30.974651	 36.328228	  0.299617	  0.013556	 -0.938134	
204	 16.092760	 25.199490	 13.598727	 -0.284191	 -0.456263	 -0.116152	
205	 17.637856	 40.381790	 29.656219	 -0.040844	  0.289001	 -0.572665	
206	 33.833599	 11.875392	 44.214737	 -0.146908	  0.999062	  0.294580	
207	 26.160318	  3.364923	 19.462273	 -0.023242	 -0.297747	 -0.656211	
208	 45.762859	 16.635811	 36.341911	  0.317859	  0.105749	  0.006153	
209	 15.301261	 10.873924	 18.708015	 -0.383436	  0.539907	  1.380523	
210	 33.597736	 14.846456	 14.696378	 -0.918634	  0.286992	  0.203343	
211	  5.061008	  2.611142	 35.321865	  1.038482	  0.206073	 -0.677943	
212	 35.773956	 41.154354	 25.046646	 -0.082666	  0.773304	 -0.116817	
213	  5.338893	 13.367856	 36.436558	  0.327004	  0.173511	  0.705988	
214	 22.917191	 39.684181	  2.893568	  0.797347	 -0.547741	 -0.253412	
215	 38.005604	 25.468010	 39.362511	  1.150161	 -0.416163	 -0.786865	
216	 15.585905	  5.932210	  9.140694	 -0.769611	  0.155736	  0.398413	
217	 34.295044	 11.090521	 18.209921	 -0.066083	  1.124160	 -0.410670	
218	  9.382951	 21.357414	  2.102638	  0.311107	  0.190159	  0.818000	
219	  9.316994	 43.424870	  7.876057	 -0.810849	 -0.399007	  0.900521	
220	 12.566922	 19.025597	 41.641228	  0.309490	 -0.836934	  0.607093	
221	 15.903694	 37.166241	 10.710185	 -0.883082	 -0.324293	  0.652320	
222	 30.488661	 13.026539	 19.797571	 -0.094338	 -0.783101	  0.203838	
223	 12.481644	  3.447469	 41.501595	 -0.680712	  0.061278	 -1.039408	
224	  6.323653	 32.354618	 38.477158	  0.845904	 -0.357858	  0.131619	
225	 22.002613	 46.152157	 39.213169	 -0.709876	  0.212091	  0.883422	
226	 29.973949	 25.093864	 12.468925	 -0.729015	 -0.217944	  0.402541	
227	  6.408794	 36.095459	  2.766146	  0.042852	 -0.053510	 -0.179555	
228	 22.445545	  3.965558	 37.626999	  0.662426	  0.708183	  0.244274	
229	  1.881107	 33.755020	 46.561012	  0.434501	  0.234487	  1.055749	
230	 11.826688	 10.878197	 13.614897	 -0.175247	 -0.519140	  0.646713	
231	 20.535692	 33.552197	 45.751160	  0.664374	 -1.185301	  0.285823	
232	 44.749653	 10.721971	 44.030239	  0.085034	  0.281048	  0.069582	
233	 22.971437	 35.449677	 37.911583	 -0.243244	 -0.647699	  0.944601	
234	  7.452015	 27.651148	 23.114981	 -0.241144	  0.495352	 -0.926838	
235	 26.849199	 32.001766	  3.641348	  0.517349	 -0.807978	  0.025066	
236	 43.789894	  2.966763	 25.508953	  0.401153	 -0.693211	  0.627340	
237	 10.642651	 22.308334	 43.078812	 -0.343091	  0.018126	  0.388430	
238	 11.674044	 29.832180	 35.985577	 -0.065921	 -0.659586	  0.555243	
239	 28.112593	  9.291423	 25.778389	 -0.799335	  0.497832	 -0.204615	
240	 17.871479	 26.619360	 30.053467	 -0.288780	  0.182380	  0.003260	
241	 12.114683	 15.924430	 17.318855	 -0.826409	  0.696194	 -0.454746	
242	  8.221207	 10.640635	 39.717777	 -0.850493	  0.393326	 -0.349222	
243	 13.843946	  8.509187	 45.104507	 -0.852894	  0.116855	  0.095780	
244	  5.943488	 17.288343	  8.219998	 -0.016918	 -0.315273	 -0.311914	
245	  3.957913	 15.588006	  0.016231	 -0.164125	 -0.135373	  0.329907	
246	 44.984123	 45.549694	  0.958909	 -0.490304	  0.311063	  1.109758	
247	 30.459314	 11.071322	 41.329876	 -0.802369	  0.586547	  0.177108	
248	 11.611169	  7.570709	 28.171436	 -0.207358	 -1.262920	 -1.119224	
249	 22.001490	 29.794481	 44.612713	  0.242524	  0.237473	  0.366463	
250	  6.354723	  8.936730	 41.260616	 -0.128176	  0.341400	 -0.246566	
251	 28.119474	 42.582748	 39.840443	  0.020204	 -0.473059	  0.819741	
252	 46.307899	 11.401027	 34.219852	  0.343613	  0.339491	 -0.748561	
253	 27.079819	  7.998992	 23.029495	 -0.186501	 -0.018951	  0.735664	
254	 11.501751	 25.806499	 26.995110	 -0.939932	 -0.384058	 -0.419999	
255	 47.016632	  9.272536	 47.648045	  0.046684	  0.936860	 -1.306780	
256	  0.297451	 14.970496	 43.708359	  0.663914	  0.236803	 -0.355767	
257	 27.208164	 44.046780	 16.288326	  0.519842	 -0.889733	 -0.267104	
258	  9.515120	 37.260414	 44.304173	 -1.023221	 -0.427096	 -0.022160	
259	 12.785131	 10.223631	 27.973038	 -0.540271	 -0.296974	 -0.674824	
260	 29.830790	 42.210472	  2.022689	 -0.044652	 -0.155862	  0.266752	
261	 47.152493	 42.127068	 38.509304	  0.500319	 -1.323511	 -0.284474	
262	 45.932625	 11.247668	 14.786601	 -1.368273	  0.414121	 -0.118192	
263	 11.056308	 47.509525	  5.274635	 -0.611779	  0.285482	 -0.894238	
264	  0.795533	 29.909185	  9.333583	 -0.551771	  0.232124	  0.243488	
265	 45.539555	  0.575108	 45.487026	 -0.635825	  1.065446	  0.670839	
266	 29.122395	 15.095979	 13.250923	  0.020804	 -0.921298	 -0.667436	
267	 42.337753	 30.588831	 32.274475	 -0.253403	  0.466583	 -0.350417	
268	 28.230661	 42.695843	 11.311020	 -1.062610	 -0.151479	  0.570401	
269	 15.586976	 25.335016	 42.741081	 -0.286187	  0.398333	  0.377216	
270	 41.032524	 21.270061	 42.064297	 -0.745018	 -0.594411	 -0.215369	
271	 15.640736	 27.632881	  3.520908	 -0.273974	 -0.094411	  0.668638	
272	 47.737732	 30.435457	  8.341042	  0.906777	  0.633382	 -0.217073	
273	 17.386768	 20.260162	 45.169315	  1.070636	  0.075357	  0.842046	
274	  8.823920	 20.107901	 34.598701	  0.421149	 -0.086558	 -0.817064	
275	 40.988136	 46.837334	 39.820087	 -0.584424	  0.979382	 -0.646070	
276	 12.742395	 10.301853	 47.775192	 -0.200964	 -0.841043	 -0.878269	
277	  6.028097	 21.028931	 27.045258	 -0.273755	  0.712819	 -0.031910	
278	 24.073009	 39.709328	 37.214180	  1.847631	  0.020487	  0.111259	
279	  4.543169	  7.131546	 28.762362	  0.243842	 -0.510865	  0.033399	
280	 31.417740	  2.461797	 34.528984	 -0.256006	 -0.040704	  0.532731	
281	 33.921913	 25.482025	 47.240616	 -0.764264	 -0.375545	 -0.503520	
282	 19.484875	 11.817924	  6.089821	  0.540178	  0.259936	  0.165276	
283	  2.965898	 35.337685	 46.037876	  0.253307	  0.515725	  0.565185	
284	 30.027948	 18.633734	  0.362536	 -1.082903	 -0.266636	  0.297244	
285	 42.350571	 14.087487	 30.192566	  0.040194	 -0.789741	 -0.925893	
286	 30.085024	 43.895119	 36.435802	 -0.317686	  0.145267	  1.218481	
287	 11.762843	  9.706139	  0.214641	  0.082655	 -0.525354	 -0.014216	
288	  1.470615	 18.948132	 11.335676	  0.725480	 -0.422076	  0.125932	
289	 34.644066	 29.068026	  5.456249	  0.709565	 -0.364557	  0.602469	
290	 20.400368	 10.710449	 35.952427	  0.201609	 -0.751491	  0.529695	
291	 19.498512	  5.360031	 41.486378	 -0.064093	  0.602428	 -0.565468	
292	 24.745531	 36.323090	 11.916235	  0.422288	  0.837329	 -0.478311	
293	 40.708736	 22.526426	  0.093270	  0.153743	 -0.826117	 -0.035783	
294	  3.783231	 42.243996	 25.559126	  0.759224	 -0.930935	  0.351870	
295	 23.341560	 30.456635	  5.598753	 -0.228758	 -0.506681	 -0.300261	
296	  2.509614	 34.904064	 24.450689	  0.046207	  0.021338	 -0.041433	
297	 45.387722	 46.569210	  6.869077	 -0.180698	 -0.568670	  0.031598	
298	 25.100609	 23.499031	 35.678139	 -0.388257	  0.234290	  0.421527	
299	 17.517691	 21.528374	 23.732811	 -0.391482	 -0.380016	 -0.331929	
300	 26.459114	 34.871346	 19.239225	 -0.270532	  0.008872	  1.147946	
301	 25.718643	 26.950438	  6.732200	 -0.691193	  0.416601	  0.207875	
302	 27.148270	  5.556882	 35.500137	 -0.425129	  0.253983	  0.314438	
303	 13.879302	 21.557579	 38.139622	  0.176181	  0.440618	 -0.543292	
304	 41.936455	 34.547157	 21.240976	 -0.964456	 -0.302886	 -0.573855	
305	  9.731060	 29.356499	  0.337753	  0.470718	 -0.302826	  1.297209	
306	 21.904167	 41.124325	 47.231804	 -0.388249	 -0.053751	  0.203927	
307	  9.264571	 39.941677	 34.104206	  0.724473	  0.642671	 -0.249225	
308	 10.935806	 27.117641	  8.460773	  1.157936	 -1.191817	  0.812847	
309	 42.961723	  7.241137	 19.159534	  0.330970	  0.550199	 -0.888349	
310	 21.121386	  3.089695	 31.184860	  0.980103	  0.921270	 -0.476079	
311	 19.971798	 44.788815	  4.929376	 -0.515403	 -0.344077	 -0.096923	
312	 15.043772	 17.901014	 28.114481	  0.847370	  0.315320	  0.717807	
313	 18.101875	 44.329178	 34.667614	 -0.255993	 -0.978602	 -0.102091	
314	 34.131824	  1.238846	 46.081528	  1.066521	  0.190794	  0.509241	
315	  2.516783	 35.879639	 42.177483	 -0.695287	 -0.333108	 -0.397649	
316	 41.333839	 32.067791	 38.004601	  0.933004	 -0.385878	  0.160365	
317	 26.477797	 27.567457	 21.249474	  0.327384	 -0.150955	 -0.693979	
318	 24.489321	  7.178696	  1.205643	 -0.480101	 -0.421410	  0.769361	
319	 27.564631	 29.548458	 46.382412	  0.222932	 -0.180539	 -0.665876	
320	  4.226572	 33.061771	 19.381205	 -0.364446	 -1.007855	  0.381152	
321	  8.280453	 10.218713	 17.414059	 -0.423791	 -0.134220	 -0.492045	
322	 14.686125	 36.927307	 36.372856	 -0.390780	 -0.564054	 -0.179565	
323	 11.820460	 34.743366	 10.195351	  0.411233	 -0.238884	 -0.196978	
324	 41.012211	 37.544441	  3.935851	  0.195912	  0.465346	 -0.102841	
325	 10.100782	 13.075020	 33.710464	 -0.008803	 -0.195645	  0.547967	
326	 35.024307	 27.127645	 21.101608	 -0.116699	  0.534325	 -0.271795	
327	 29.343987	 18.444510	 12.129098	  0.747926	  0.633887	 -0.630067	
328	 35.198875	 20.582598	 29.511644	  0.746641	  0.003423	  0.170952	
329	 42.275089	 42.779987	  6.464385	  0.494856	  0.100635	 -1.526615	
330	 44.111443	 17.090855	  2.291092	 -0.631018	  0.022786	 -0.096421	
331	  1.065283	 14.472798	 39.050499	 -0.285885	 -0.754870	  0.987626	
332	  8.797294	 29.209986	 41.160812	  0.043287	 -0.033016	  0.393495	
333	 34.860653	 20.130489	 15.997684	 -0.973161	  0.725973	 -0.241842	
334	 25.817558	 32.141724	 34.033028	 -0.656899	  0.729055	  0.766255	
335	 34.599930	 32.366817	 42.542553	  0.346608	  0.506127	  0.453576	
336	 21.974087	 42.170361	 21.752441	 -0.000332	 -0.895335	  0.392848	
337	 35.951721	 27.722584	  5.833022	 -0.512763	 -0.095252	 -0.533621	
338	 46.392345	 21.532619	 41.680405	  0.036626	 -0.793492	 -0.082028	
339	 44.214241	 46.944775	  5.970366	 -1.008965	  0.424594	  1.009869	
340	 44.137966	 34.845341	  2.881930	 -0.483718	  0.095305	  0.873936	
341	 37.095322	  4.786451	  4.632270	 -0.809334	  0.134056	  0.879618	
342	  8.179797	 28.664787	 32.983620	 -0.331399	  0.472092	  0.404201	
343	 18.160025	 24.045248	 37.613884	 -0.436896	 -0.410087	 -0.805868	
344	 47.584015	 38.156170	 44.817429	 -0.031261	 -0.005368	  0.285509	
345	 21.056332	 19.027958	 43.829395	  1.471641	 -0.925736	 -0.150078	
346	  3.783840	 15.352063	  1.176281	  0.118714	 -0.299784	  0.301670	
347	 36.625767	 28.764790	 14.189390	 -0.528250	 -0.404765	 -0.301092	
348	 31.090929	 13.990004	 21.060413	  0.436418	 -0.735826	 -1.358603	
349	 19.864697	  4.811088	 10.943666	 -0.416848	  0.564803	 -0.796271	
350	 22.476770	 46.021263	 28.528767	 -0.602545	  0.433637	  0.493242	
351	 22.973242	  4.704734	 45.666794	  0.136675	  0.309054	  0.524222	
352	  4.920440	 22.722477	 37.712265	 -0.025314	 -0.365675	  1.007820	
353	  7.391907	 30.918644	  7.645198	 -0.571105	 -0.239451	 -0.019544	
354	 31.566893	 11.256690	  4.350258	  0.531005	 -0.402506	 -0.118070	
355	 23.264265	 18.075321	 40.708912	 -0.848927	 -0.450730	  0.275981	
356	 40.241714	 20.226395	 35.858418	  0.073923	  0.812809	 -0.339404	
357	 22.844461	  4.141599	 20.227850	  0.296978	 -0.864137	  0.525623	
358	 37.311901	 23.644226	  4.047099	  0.545370	  0.185154	 -0.501002	
359	 33.041603	  1.239075	 14.217434	  0.946065	 -0.140675	 -0.490113	
360	  1.402629	 17.514940	 44.578335	  0.141428	  0.300507	 -0.667106	
361	  9.902733	  4.076227	 47.400238	 -0.997459	  0.063505	  0.785559	
362	 43.339802	 10.159312	 28.544935	 -0.780967	 -0.157575	 -0.623467	
363	  9.212093	 37.660717	 40.955326	 -0.076396	 -0.813880	  0.085230	
364	 45.898830	 10.853510	 14.073824	 -1.425451	 -0.185589	  0.278225	
365	 34.408230	 36.692867	  4.691156	  0.206876	  0.317527	 -0.242953	
366	 31.898684	  0.474499	 42.902348	  0.433416	  0.450081	 -0.620833	
367	  5.236211	 19.129879	 24.302834	  1.132973	  0.443687	  0.530482	
368	 45.091370	 17.049112	 41.314861	  0.872436	  0.119768	 -0.892899	
369	 19.660597	 29.921467	 15.995335	  0.335674	 -0.455931	  0.596440	
370	 34.584476	 11.478930	 18.986734	 -0.430336	  0.300253	 -0.603419	
371	 39.744312	 17.758980	 40.520035	 -0.798579	  0.390389	  0.374923	
372	 11.089860	 34.546471	  8.409265	  0.151801	 -0.590426	 -0.260093	
373	 16.986380	 10.388636	 22.770071	 -0.504046	  1.199184	 -0.144109	
374	  6.304591	 24.814323	  2.297859	 -1.085778	 -0.103796	  0.393013	
375	  1.249114	 33.764698	 34.677143	  0.686922	 -0.466042	 -0.997791	
376	 20.669706	 28.966084	 37.561859	 -0.065208	 -0.002703	 -0.462552	
377	 41.648987	 39.917912	 46.059811	  0.141653	  0.192484	  1.056849	
378	  9.201689	 20.002268	 15.886358	  0.483376	  0.230736	 -0.151472	
379	 35.435909	 27.915562	  8.651426	 -0.356325	 -0.140926	  0.102102	
380	 15.712127	 38.481388	 19.848045	 -0.220772	 -0.161433	 -0.828256	
381	  2.374419	 32.758415	  0.991994	  1.308541	  0.354948	  0.077931	
382	  6.893123	 27.129768	 12.990199	  0.468628	 -0.055425	  0.273096	
383	 42.611877	 27.431360	 10.357699	  0.187941	  0.266168	  0.227222	
384	 17.993687	 35.195633	 26.495243	  1.349266	 -0.831489	  0.123411	
385	 10.724246	 18.708250	 27.472660	 -0.728280	  0.089379	  0.575117	
386	 13.669882	 18.782948	 42.052887	  0.051631	 -0.453064	 -1.258236	
387	  4.152052	 28.364271	 46.939701	 -0.674486	  0.306748	  0.616984	
388	 40.745750	 10.207933	  1.015272	 -0.376544	 -0.240552	 -0.070917	
389	 46.746120	 40.530170	 42.879147	 -0.168002	  0.114347	 -0.044345	
390	 26.817120	 46.333176	 45.195534	 -0.312628	  0.128572	  0.605052	
391	 42.556011	 29.994019	 38.001068	 -0.335806	  0.981198	  0.581529	
392	 20.400471	 26.430538	  7.519341	  0.811445	 -1.343996	 -0.294575	
393	  8.065397	 41.893452	 32.378899	 -0.530468	 -0.053739	  0.448468	
394	  6.487714	  8.302089	  3.299329	  0.603127	 -1.285660	  0.284376	
395	 20.635918	 47.513340	  7.837806	  0.604000	  0.402046	 -0.365903	
396	 20.655214	  7.551426	 11.936713	  0.734246	 -0.040898	 -0.368068	
397	 26.484138	  5.353115	 42.387707	 -0.131176	  0.325950	 -1.030383	
398	 47.915134	 29.219009	 17.727697	  0.695023	  0.338286	  0.904718	
399	 17.608313	  2.354499	 43.170261	 -0.073564	  0.571631	 -0.528812	
400	 23.082132	 16.018105	  6.156178	  0.293017	  0.215060	 -0.157969	
401	 36.718884	 35.525845	 12.354699	 -0.089110	 -0.622006	 -0.262398	
402	 24.518633	 34.821877	 35.051846	 -0.529125	  0.247055	 -0.236191	
403	  1.418541	 32.515873	 40.727535	 -0.601263	 -0.490778	 -0.702675	
404	 41.962311	 29.926613	 46.714924	  0.291597	 -0.988317	 -0.459677	
405	 40.681557	  0.005523	 10.461246	 -0.271665	 -1.094787	  0.149323	
406	 14.004119	  7.053141	 29.845196	 -0.406766	 -0.159569	 -0.083841	
407	  7.307590	 28.890919	 23.364491	  0.164382	 -0.440320	  0.351605	
408	 44.569695	 14.485665	 16.683178	  0.214456	 -0.016676	  0.767340	
409	 14.831193	 13.232801	  1.350324	  0.447153	  0.495349	  0.149372	
410	 38.838707	 12.081858	 33.211704	  0.479221	  0.390095	  0.549768	
411	 18.958336	 34.925835	 47.018063	 -0.402376	  0.110423	  0.188714	
412	 25.188225	 23.630714	 12.846581	 -0.160130	  0.259487	  0.537884	
413	 37.848919	 17.164177	  6.650746	  0.099496	  0.692371	  0.760552	
414	 22.682617	 35.755539	  5.174912	 -0.664892	 -1.037596	 -0.316728	
415	 10.739456	 39.978100	 25.676985	  0.407027	 -0.372673	 -0.034561	
416	 38.404591	  2.859995	 14.176859	  0.332484	  0.457819	  0.624331	
417	 22.625816	  4.067632	  2.600285	 -1.037946	  0.029820	  0.313836	
418	 32.211807	 35.416973	 46.139606	  0.521316	 -0.674526	 -0.086573	
419	  3.177649	 38.785194	 29.379496	 -0.679737	  0.356335	 -0.519681	
420	 43.705265	 20.467161	  0.752744	  0.382366	  0.215712	  0.037113	
421	 37.629868	 12.514751	 21.547945	  0.296030	 -0.184017	 -0.928703	
422	 28.886061	 33.171169	 12.633072	 -0.240577	 -0.043997	 -0.456811	
423	 44.068962	  4.114348	 15.527674	  0.589499	  0.661929	  0.823413	
424	 36.346844	 22.978098	 39.847481	 -0.978147	  0.483990	 -0.144674	
425	 26.142780	  9.562313	  6.094337	  0.567072	 -0.164052	 -0.410849	
426	 11.942783	 19.292204	 33.903484	 -0.112085	  0.397873	  1.304768	
427	 34.843361	 32.386658	  3.094945	 -1.235748	 -0.103194	 -0.667798	
428	 36.403282	 37.048721	 47.611034	 -0.111212	  0.132393	  1.152962	
429	 23.207975	 39.417477	 21.615858	  0.725749	  0.804595	  0.480788	
430	 32.110561	 38.977150	 30.564711	  0.825724	 -0.082100	 -0.623589	
431	 47.406578	  0.592626	 25.674107	 -0.032620	  0.790383	  0.080114	
432	 14.676875	 43.781281	 16.895824	  0.114062	 -0.479270	  0.000264	
433	 23.262735	 12.058508	 43.186951	 -0.356554	  0.906808	 -0.331692	
434	  2.259589	 30.769966	  3.690371	 -0.389507	 -0.117453	  0.425176	
435	 26.691784	 28.152441	 27.389456	 -0.121946	  0.511875	 -1.116770	
436	  9.270514	 17.181524	 18.993792	 -0.581434	 -0.705770	 -0.646145	
437	 43.744862	 43.383701	 14.494216	  0.338777	 -0.248733	  0.107074	
438	 32.877872	  5.723571	 37.073875	  0.729445	  0.254285	  1.000513	
439	 18.371658	 22.911575	  8.830304	 -0.624035	  0.063302	  0.411566	
440	 24.603477	 45.750248	 40.392948	 -0.731444	  0.513935	  0.963816	
441	 32.310040	  9.561289	 39.438725	 -0.540785	  0.129314	 -0.398361	
442	 39.775826	  8.123604	 37.177639	  0.162975	 -1.317487	 -0.301807	
443	 12.898715	 35.675591	  2.993024	  0.389351	 -0.605726	 -0.345457	
444	  6.350921	 26.580070	  2.209260	 -1.036904	  0.741693	 -0.995344	
445	 24.379568	 16.893482	 42.342419	 -0.861508	  0.267506	 -0.743087	
446	 35.456398	  3.117111	 46.146683	 -0.318421	 -0.734747	  1.005225	
447	 16.780783	  8.908174	 11.271796	 -0.552661	 -0.296188	  0.259585	
448	 47.090378	 32.581898	 33.683746	  0.703454	  0.999846	  0.721628	
449	 40.487602	 45.609138	 17.827679	 -0.509547	 -0.173424	 -0.874279	
450	  9.428009	 13.842523	 14.051849	  0.470795	  0.217927	  0.373619	
451	 40.027458	 29.207710	 34.285572	 -0.075742	 -0.686509	  0.996875	
452	  7.235639	 11.095800	  1.451815	  0.056770	  0.807789	  1.277922	
453	 24.362392	 13.770058	 11.364569	  0.179744	  0.060455	 -0.287965	
454	  8.544940	 26.341347	 16.125221	  0.411335	  0.113308	  0.051045	
455	 18.921469	 19.478062	 38.428543	  0.277716	  0.567982	 -0.671572	
456	  5.295472	  0.206696	  4.212673	 -0.443003	 -0.292499	  0.847462	
457	 46.911175	 12.335356	 30.615707	 -0.482817	 -0.008412	  0.660385	
458	 47.811771	  6.782956	 47.411900	  0.302811	 -0.306521	 -0.267203	
459	  9.216007	 36.112621	  7.435236	  0.424996	 -0.633631	 -0.282647	
460	 43.306114	 19.623371	 30.182096	  0.919612	 -0.119505	  0.374210	
461	 37.023045	  9.386820	 35.820263	 -0.195497	  0.247757	 -0.834888	
462	 46.635838	 22.324526	 47.893478	 -0.608398	 -1.340589	 -0.209972	
463	 13.522063	  6.371926	 18.320349	 -0.469321	  0.003209	  0.811952	
464	 10.171903	 31.335989	 36.745934	  0.492261	  0.107363	  1.055399	
465	 40.389965	 30.988689	 40.339573	 -0.084017	  0.774825	  0.626568	
466	 17.993477	 19.354826	 38.057823	 -0.366511	  0.275410	 -0.752350	
467	 41.567852	 43.587505	 28.859728	  1.024900	 -1.105042	  0.431738	
468	  9.023209	 16.666903	 30.988411	 -0.336636	 -0.157345	  0.041764	
469	 24.088848	 43.059708	  7.038118	  0.525662	 -0.434993	  0.814240	
470	 34.746510	 47.740452	 35.893639	  0.907297	  0.468595	 -0.531739	
471	 31.669231	 40.080906	 22.898600	 -0.545105	  1.113944	 -0.292334	
472	 26.393250	 23.810654	 23.155798	 -0.172095	 -0.068538	  0.094315	
473	 22.468830	 15.399782	 41.292618	  0.005754	 -0.642648	  0.727393	
474	  2.790777	 23.116470	 27.968763	  1.176938	 -0.394333	 -0.891659	
475	  8.694944	  4.813956	 25.672668	  1.242724	  0.284952	 -0.099347	
476	 33.048492	  0.898615	 39.476868	  0.442586	 -0.462643	 -0.411501	
477	 42.406479	 39.945461	 38.301174	  0.127442	  0.739052	 -0.661483	
478	  2.097761	 10.311875	  3.157844	  0.043879	  0.863179	 -0.466010	
479	 10.221509	 46.618053	  4.555176	 -0.046396	  0.176217	 -0.633604	
480	  4.856386	  1.788505	 21.020138	 -0.140278	 -0.341717	  1.130605	
481	 38.360386	  2.419477	 14.701626	  0.211595	  0.470909	  0.448011	
482	  5.183649	 32.643871	 28.076019	 -0.875003	  0.115671	  0.741613	
483	 21.877441	 39.801136	 28.825665	  0.608436	 -0.034566	 -0.365091	
484	 38.507847	 25.068920	 42.351231	  0.160170	 -0.724796	 -0.875438	
485	 13.395610	 33.365459	 34.558311	  0.127359	 -0.447144	  0.116260	
486	 17.693602	 17.151207	 38.914177	  0.477904	  0.832343	  1.244960	
487	 22.761190	 15.313664	 40.935249	 -0.044083	  0.696579	  0.045855	
488	  1.937699	 25.788103	 40.667904	 -0.210719	  0.295939	  0.426938	
489	 12.867327	 13.532093	 41.819084	 -0.539202	 -0.812420	 -0.101980	
490	 12.774641	 37.950241	 29.042271	  1.065821	  0.533379	  0.767320	
491	 38.443695	  5.767154	 13.120401	  0.157814	  0.243562	  0.883574	
492	  7.499500	  4.948112	  9.528105	 -0.657653	 -0.005946	 -0.159968	
493	  6.536928	 10.189749	 23.746302	 -0.113490	  0.763981	 -0.557327	
494	 38.985905	 12.658905	 18.156515	 -0.054234	 -0.173504	  0.484309	
495	 21.553778	 36.574532	  1.808317	  0.505448	 -0.023303	 -0.217797	
496	 10.299051	 10.802570	 33.800678	 -0.282842	 -0.650428	  0.249604	
497	 23.166515	 12.508741	  2.968180	  0.707054	  0.487111	 -0.862170	
498	 23.612526	  2.905643	 46.003052	  0.259104	  0.787637	 -0.312224	
499	 13.057598	 21.410236	 16.688995	 -0.788908	  0.055143	 -0.542419	
500	 45.424709	 19.331898	 29.641674	 -0.898743	 -0.232402	 -0.152287	
501	 42.220486	 15.792242	 18.497505	 -0.653758	  0.333203	  0.844447	
502	 18.843891	 27.315819	 24.675358	  0.077590	 -0.345101	  0.190878	
503	  9.903875	 29.895027	 23.377653	  0.335614	 -0.226211	  0.718789	
504	  7.558677	 12.536800	 11.241230	  0.056704	 -0.921292	  0.558587	
505	 31.762672	 20.161800	 18.362442	  1.123417	 -0.346605	 -0.253279	
506	 35.033192	 14.994552	 29.344913	 -0.565627	 -0.431564	 -0.014888	
507	 15.681773	  5.569458	 25.109127	  0.010885	 -0.019637	 -0.164116	
508	 11.355062	  9.579281	 32.491581	 -0.069135	 -0.536314	 -0.387635	
509	 22.111671	  0.415654	  6.455261	  0.522738	  0.009088	 -0.333908	
510	 12.148302	  6.087840	 16.793852	  0.188751	  0.121955	 -0.110776	
511	  6.474997	 44.894001	 24.344845	 -0.308721	 -0.546891	  0.784963	
512	 35.880741	 30.008350	 29.446259	 -0.139488	  0.198637	 -0.435350	
513	 19.666258	 25.026470	 15.203440	  0.620211	  0.093979	  0.933560	
514	 22.406397	 42.382801	  7.339190	  0.805343	  0.538781	  0.057761	
515	 18.667240	 37.390110	 42.472950	  0.344242	  0.462645	 -0.194911	
516	 25.048424	 24.163378	 33.822525	 -0.670049	 -0.849442	 -0.797960	
517	 24.448172	 42.510105	 37.935059	  0.286281	 -0.409745	  0.478842	
518	 32.945911	  5.359850	 45.472813	  0.297307	  0.021035	  1.123547	
519	 15.133819	 44.404957	  5.332467	 -0.574615	  0.290122	 -0.038144	
520	 41.209274	 17.586178	  3.125244	 -0.671225	 -0.336800	  0.155403	
521	 43.358860	 33.730930	 18.448002	  0.204772	 -0.258970	  0.431163	
522	 44.814304	 30.681015	 29.711735	 -0.394783	 -0.474213	 -0.650938	
523	 29.723618	 10.653306	  3.990948	  0.196531	 -0.537754	 -0.067899	
524	  3.347917	 19.412374	  6.557416	  0.343162	 -0.073043	 -0.004826	
525	  0.083496	 20.135098	 20.408867	  0.015570	 -0.957366	  0.291666	
526	 36.695927	 32.893433	 41.277092	 -1.221027	 -0.524975	 -1.136301	
527	 45.918602	  1.410927	 33.999695	  0.788359	  0.490880	  0.069631	
528	 35.716713	 12.522606	 23.469957	 -1.028165	  0.008814	  0.643526	
529	 47.198032	 13.263724	 26.737930	 -1.136501	  0.401316	 -0.387542	
530	  1.591935	  5.361158	 34.231735	  0.681159	 -0.406258	  0.661524	
531	 20.522594	 11.219989	 22.335121	  0.250372	  0.450816	 -0.778834	
532	 36.290131	 19.990974	  2.584954	 -0.566055	  0.412747	  0.169157	
533	 37.801796	 33.765884	 16.357313	 -0.608115	  0.634543	  0.335906	
534	 29.990303	 44.652519	  7.638402	  0.484178	 -0.439968	  0.959751	
535	  5.348828	 40.147480	 42.693737	  0.775500	 -0.375595	  0.374523	
536	  2.882707	 39.713654	 42.484295	  0.293033	  1.127214	 -0.322044	
537	 32.236015	 32.498062	 31.481800	 -0.612098	 -0.242393	 -0.206738	
538	 16.577614	 22.273100	  1.113188	  0.622009	  0.308924	 -0.145951	
539	  6.396194	 46.428516	 36.122341	 -0.067197	  0.122060	  0.450107	
540	 11.022279	 44.504887	 32.042305	 -0.075990	 -0.595900	 -0.400179	
541	 29.096577	 27.844368	 34.120689	 -0.369310	  0.048408	 -0.245727	
542	 43.690708	  1.243167	 37.391537	  0.886600	  0.407488	 -0.556261	
543	  9.852386	 46.057545	 37.979675	  0.162448	 -0.735195	 -0.435180	
544	 14.200704	 13.752519	 17.251202	  0.006865	  0.415633	  0.452354	
545	 37.772434	 39.437855	 29.617548	 -1.063789	  0.542361	 -0.135148	
546	 38.329460	 32.630833	 14.641975	  0.035642	 -0.769866	 -0.594877	
547	 44.902473	 18.631643	  2.379757	  0.616529	  0.231682	  0.361690	
548	 27.946424	  4.368975	 22.739111	 -0.433561	 -0.032774	  0.528171	
549	 26.968428	 34.117081	  1.786112	  0.650589	 -0.987280	 -0.235940	
550	 14.107483	 42.206589	 27.740490	  0.065832	 -0.823421	 -0.100262	
551	  9.960253	 44.438759	 23.206688	  0.117931	  0.330593	  0.139570	
552	 22.460979	 41.871971	 20.507000	  0.599904	 -0.320586	  0.068638	
553	 21.864626	 27.238262	 17.385700	  0.480985	 -0.105446	  0.417629	
554	 25.784391	 42.142418	 47.264771	 -0.053063	 -0.028055	 -0.359989	
555	 34.876099	 20.595570	 39.768589	  0.377794	  0.224133	 -0.200746	
556	  8.700710	 29.614391	 15.323387	  0.364396	 -0.602944	  1.002294	
557	 32.444839	 20.514299	 44.661030	 -0.362175	  0.310943	 -0.162924	
558	  5.393122	 35.491215	 30.645950	 -1.129428	 -1.410578	  1.169623	
559	 35.906536	 46.864323	 22.156872	 -0.832292	 -0.597860	 -0.824047	
560	 22.831175	 47.251587	 22.165411	  1.002108	  1.420068	 -0.032859	
561	  2.950465	 21.891663	 15.310657	  0.326865	 -0.008020	 -0.301882	
562	  0.791066	  9.546368	 38.574455	 -1.010523	  0.291981	  0.046026	
563	 26.071804	 41.035675	 24.826761	  0.164357	  0.011853	  1.592793	
564	 12.458986	  1.884702	 27.286011	  0.465913	 -0.724284	  0.526662	
565	 31.692547	 36.860741	 15.692553	  0.360178	  0.655823	  0.641893	
566	 28.137733	  0.913063	 38.741749	 -0.918161	 -0.118731	 -0.812195	
567	 23.617193	 38.741844	 25.115746	 -1.069634	 -0.574619	  0.285460	
568	 41.447140	 24.110600	 47.171959	 -1.408674	 -0.576594	  0.515044	
569	 43.607540	 27.711746	  1.905953	  0.433599	 -0.419766	  0.346048	
570	 47.025761	 30.251328	 34.136169	  0.543898	  0.842884	  0.489234	
571	 46.814232	 46.547413	  1.733600	 -0.188021	  0.644385	 -0.179280	
572	  2.846583	 20.628250	 28.484629	  0.074291	  0.377692	  1.125785	
573	 32.763157	 40.997700	 21.133265	  1.279658	  0.008934	  0.567759	
574	 19.136438	 38.880283	  0.386834	  0.138860	  0.655043	 -1.213130	
575	 24.149220	  7.909814	 47.725388	 -0.038230	 -0.560657	  0.827165	
576	  5.177207	  7.190999	 33.033817	 -0.523788	  0.477152	  0.130019	
577	 27.189434	 10.139278	 14.520002	  1.022502	 -0.503021	  0.152985	
578	 39.690971	 37.451733	  2.936619	  0.095263	  0.829951	 -0.891174	
579	 45.189648	 25.049984	  3.020635	  1.060244	  0.053472	 -0.407815	
580	  7.883959	 17.357647	 45.565914	  0.377021	  0.298703	  0.080764	
581	 11.228714	 39.960320	 24.625898	  0.225082	 -0.448546	  0.970257	
582	 21.405472	 10.943522	 18.794441	  0.234944	  0.519147	 -0.295059	
583	 29.264462	 23.469107	 23.501347	  0.718432	  0.728886	  0.531744	
584	  9.131059	  2.018871	 47.844975	 -0.044028	  0.102979	  0.928527	
585	  1.966324	 10.535416	 29.571907	 -0.065467	 -0.159321	 -0.474294	
586	 26.137840	 34.427155	 36.780727	  0.018338	  0.543989	 -0.173056	
587	 18.590042	  7.243463	  0.239385	  0.236676	 -0.134341	 -0.882405	
588	 18.043879	 39.586014	  7.516308	  0.610104	 -0.205553	 -0.886940	
589	 15.387783	 26.478434	 34.945091	  0.562524	  0.397703	  0.326923	
590	 36.613003	 20.016811	 45.003349	  0.133006	  0.370358	 -0.919317	
591	 40.297222	 10.830309	  4.261108	 -1.060254	 -0.051818	  1.297277	
592	  3.768929	 38.434841	 44.850777	 -0.662311	 -0.112362	  0.299247	
593	  8.663719	 41.658451	  6.947959	 -0.754941	 -0.526813	 -0.151342	
594	  3.178237	 24.602503	 41.834736	 -0.787670	 -1.026581	 -0.393743	
595	 13.013577	 18.110731	 14.567304	  0.059489	  0.124794	  0.713943	
596	 13.938364	 17.042778	  9.511087	  0.756007	 -0.136385	 -1.002809	
597	 26.798836	 30.299133	 27.092684	  0.248636	 -0.215452	  0.035919	
598	  9.779719	 37.620571	 34.972103	 -0.161620	  1.491281	  0.170245	
599	 26.120651	 17.192928	 46.278278	 -0.503810	  0.308856	 -0.196515	
600	 30.177158	  7.645689	 43.310043	  1.173505	  0.918756	  0.977482	
601	  0.509403	  8.162062	 29.362522	  0.747735	  0.615119	 -0.578761	
602	 47.892677	  3.249590	 17.103813	 -0.796542	 -0.122337	 -1.136480	
603	 38.246208	 17.793186	 40.432575	  0.085893	  0.754217	 -0.499965	
604	 21.325197	 12.528039	 24.177204	 -0.641877	  0.251181	 -0.642567	
605	 38.257648	 21.194431	 25.989717	  0.847047	 -0.208388	 -0.238294	
606	 34.562981	 39.109558	 44.669857	 -0.090406	 -0.247813	  0.104366	
607	 19.350565	 31.004108	 33.593178	 -0.179541	 -0.696981	 -0.198517	
608	  1.043074	 46.849842	 43.232075	 -0.368209	 -0.081640	  0.183185	
609	 17.774542	 21.246403	 12.057996	 -0.311700	 -0.386407	  0.535640	
610	  7.273931	 31.585308	 19.796360	  0.165497	  0.747077	 -0.005804	
611	 15.581367	  4.605005	 42.262806	 -0.017463	 -0.199433	 -0.757607	
612	 21.771166	 47.839825	 23.214849	 -0.453012	 -0.685132	 -0.004098	
613	 30.466158	 20.736670	 43.465302	 -0.696762	  0.407536	  0.792880	
614	 14.825436	  8.178483	 34.016365	 -0.349408	 -0.447895	  0.069779	
615	  6.553259	 25.235134	 15.983500	 -0.147853	 -0.540108	  0.572479	
616	 21.623861	 27.055861	 47.677956	 -0.583384	 -0.013353	 -1.128481	
617	  0.486714	 43.241562	 46.554440	 -0.382733	  0.597823	 -0.103312	
618	 25.388596	 17.724867	 41.478142	 -0.027961	 -0.312316	 -0.610001	
619	 22.780527	  3.450301	 11.043787	  0.226992	 -0.131383	  0.273441	
620	 12.140747	 43.055546	 34.632805	 -0.131068	 -0.701947	 -0.094479	
621	 42.335957	 37.326443	 12.756838	  0.068391	 -0.910236	 -0.408403	
622	  4.844306	 42.462444	 44.276028	 -0.439498	 -0.661007	  0.583052	
623	 36.356663	 22.983173	 41.591537	  0.126657	 -0.435393	  0.598503	
624	 23.543427	  5.506532	 12.095244	 -0.351282	  0.965648	  0.426692	
625	 13.752629	 17.605259	 13.248765	  1.004705	 -0.689774	  0.855181	
626	 19.868576	 11.174205	 27.263706	 -0.260568	 -0.043513	 -0.877082	
627	 26.510818	 18.423498	 18.519861	  0.599633	 -0.371681	  0.883977	
628	 29.553894	 21.171385	 32.308521	 -0.355713	 -0.877210	  0.326510	
629	 28.131493	 13.924068	  3.937710	 -0.664683	  0.217083	  0.126851	
630	  3.617374	 33.875839	 30.970074	  0.043655	 -0.401518	 -0.704885	
631	 24.626406	 39.627953	 35.749886	 -0.322316	  0.312107	  0.384261	
632	  4.670542	 41.051575	  0.936098	  0.084442	  1.481551	 -0.042518	
633	 45.708977	  6.832806	 16.081188	  0.781700	  0.133701	 -0.782928	
634	 47.226135	 33.697300	 16.888588	 -0.895136	  0.436741	  0.287755	
635	 37.496483	  5.049479	  1.093256	  1.174983	  0.328153	 -0.589041	
636	 12.336096	  0.297989	 18.473957	 -0.199727	 -0.376949	  0.385234	
637	 23.776510	 10.417350	 46.755474	 -0.200457	 -0.091449	  0.542991	
638	 19.679096	 22.758009	 29.484261	 -0.714452	  0.516292	  0.580591	
639	 38.904346	 35.141029	 21.161604	 -0.206451	  0.138195	 -0.354216	
640	 16.995916	 21.308659	  6.571165	  0.686487	 -0.614158	 -0.678522	
641	  2.345450	 47.411900	  7.302240	 -0.472186	  0.136620	  0.943785	
642	 35.939541	 16.179096	  9.806567	 -0.139955	 -0.152765	  0.958128	
643	 11.151010	 25.556034	 11.227322	 -0.661553	  0.333761	 -0.316171	
644	 15.406462	 11.982645	 36.060879	  0.074319	  0.390313	 -0.133186	
645	 31.316277	  9.806553	 17.195967	  0.897002	 -0.504155	  0.365494	
646	  3.686235	 39.754368	 37.502659	  0.356418	 -0.766076	 -0.534877	
647	 27.779682	 37.970467	 34.491360	 -0.251514	 -0.203133	 -0.280008	
648	 42.746864	  5.271236	 25.973825	 -0.313052	  0.352225	  0.616084	
649	 31.664406	  1.379398	 35.122810	 -0.584360	 -0.502775	  0.027635	
650	 39.667473	 32.984444	 11.746628	 -0.888137	  0.849400	 -0.726491	
651	 28.776388	  4.620576	 23.804958	  0.992401	 -0.131583	 -0.793095	
652	 29.203945	 46.569111	 34.107124	 -0.645628	  0.170348	  0.426142	
653	 40.280228	 42.639999	 43.747112	  0.207623	 -0.834862	  0.241789	
654	 15.818929	 20.984299	  7.273276	 -0.377220	 -0.504983	  0.086458	
655	 12.239689	 40.743217	 33.642265	 -0.755340	  0.870361	 -0.251703	
656	 38.392410	 17.661886	  9.922508	  0.510463	 -0.386188	 -0.787655	
657	  5.828007	 34.795296	 14.997781	  0.392334	 -1.510280	  0.992794	
658	  1.071658	  9.079361	 39.022049	 -0.096133	 -1.208459	  0.150426	
659	 44.796803	  5.673191	 46.551846	  0.443688	 -0.226798	 -0.346918	
660	  5.409657	 38.540421	 11.816307	 -0.154069	  0.015880	  0.627992	
661	 46.129166	 47.629757	 27.612623	 -0.738522	  0.903798	  0.678818	
662	 31.045328	  6.551676	  0.435360	  0.385138	  0.071555	 -0.374712	
663	 17.743725	 19.878277	 31.938477	 -0.900540	  0.672368	 -0.840433	
664	 21.868793	 32.818901	 11.447206	  0.002413	 -0.920204	 -0.466265	
665	 29.389557	 45.577232	 18.907976	  0.051322	  0.171822	 -0.193417	
666	 18.075005	 29.214371	 36.181034	 -0.381912	  0.857811	  0.115236	
667	  4.894863	 36.726025	 32.240700	 -0.125808	 -0.199231	  0.517594	
668	  3.095458	 14.928902	 25.463564	  0.119212	 -0.299489	 -0.946623	
669	 45.358555	 11.969371	 24.689676	  1.185168	  0.027795	  0.148042	
670	 28.766644	 23.735834	  8.888634	  0.364555	  0.310465	 -0.354207	
671	 42.303780	 36.628460	  3.068737	 -0.238281	  1.813056	 -1.012719	
672	 16.715605	  4.941158	  9.791342	  0.300520	 -0.384563	 -0.269123	
673	 30.042870	 18.218269	 29.390356	  0.747538	  0.255964	 -0.668067	
674	  3.826092	 16.884491	 36.278664	  0.735693	 -0.216970	  0.357251	
675	 46.618477	 18.638529	 22.494530	  0.439427	  0.317345	 -0.739988	
676	 32.868435	 31.116598	 23.145634	 -0.013635	 -0.187694	 -0.957895	
677	 22.918581	  2.361959	  6.031404	  0.035912	 -0.281360	 -0.428055	
678	 26.936451	 12.708012	 28.068596	 -0.210023	  0.320364	 -0.294289	
679	 34.721504	 34.374779	 13.411968	 -0.534385	 -1.873983	 -0.317748	
680	 29.388721	 36.383228	 23.549675	 -0.241890	  0.866537	 -0.546825	
681	 39.483582	 23.733299	  2.654640	  0.365564	 -0.108467	 -0.243469	
682	 42.790138	  5.394859	 41.815266	 -0.542962	  1.252917	 -0.375815	
683	 19.622238	 38.326500	  3.719756	  0.242856	 -0.301115	  0.000727	
684	  5.924192	 19.060005	 46.297836	  0.754638	 -1.073607	  0.061372	
685	  3.040066	  9.689202	 33.436138	  0.944724	  0.252152	 -0.499345	
686	 15.626179	 21.950043	 44.507946	 -1.273892	  0.493047	 -0.899341	
687	 11.474333	  8.329395	 12.428135	 -0.545829	 -0.836429	  0.049567	
688	 19.128164	  7.690023	 18.758802	  0.724118	  0.092653	 -0.623759	
689	 31.489712	  8.524672	 40.550556	 -0.029503	 -1.035542	 -0.417187	
690	 16.339458	 21.969851	 10.101556	 -0.367275	  0.777201	 -0.303012	
691	  5.458090	 42.449001	 10.141983	 -0.313787	 -0.686001	 -0.101988	
692	 29.710314	 18.214018	 46.873600	  1.314672	  0.266177	 -0.131878	
693	 34.026897	 27.496338	 47.417221	  0.135377	 -0.359707	 -0.063777	
694	 33.362934	  7.802159	 21.493526	 -0.848853	  0.078535	 -0.601535	
695	 16.640392	 25.543894	 13.869446	  0.374537	 -0.136607	 -0.007081	
696	 41.672409	  7.364523	 45.210487	  0.114231	  0.564721	 -0.958272	
697	 27.056690	 16.794760	 10.993145	  0.118529	  0.453313	  0.278554	
698	 22.205860	 13.665965	  5.595946	  0.016512	 -0.566203	 -0.943265	
699	 21.773918	 23.371668	  9.361253	  0.812512	  0.108146	  0.043762	
700	  8.416253	 42.363605	 24.106962	 -0.283525	 -0.374152	 -0.317163	
701	 47.132626	 12.432564	 25.187185	  1.323120	 -0.833522	  0.005600	
702	 37.397385	 46.651436	 43.328358	  0.280823	 -0.846013	 -0.646100	
703	 46.059334	 12.359084	 21.422754	 -0.336470	  0.266627	  0.605895	
704	  5.800170	  1.180860	  6.178403	  0.466389	 -0.985562	 -0.737877	
705	 42.955147	 24.521509	  3.772495	 -0.969622	 -0.463266	 -0.432886	
706	 29.768162	 28.816458	  5.058937	  0.417019	 -0.914192	  0.242272	
707	  0.919044	 32.434917	 13.746668	  0.799969	 -0.334481	 -0.374070	
708	 46.563641	 24.408453	 46.899460	 -0.790828	 -0.140163	 -0.907552	
709	  4.194200	 33.079147	 25.742504	  0.650172	  0.198658	 -0.741120	
710	 30.856903	 43.140102	 39.556259	 -0.190345	  0.228212	 -0.118612	
711	  0.072809	 31.551126	  1.232705	 -0.089910	 -0.253445	  0.933611	
712	 18.316408	  1.384204	  8.693438	 -0.900881	  0.174188	  0.225335	
713	 33.149292	 17.963966	 13.156197	  0.265705	 -0.674338	 -0.033424	
714	  2.823332	 27.980978	 45.582779	 -0.594457	 -0.049906	 -0.349057	
715	  7.196712	 12.177403	 14.919433	 -0.636958	  0.446898	  0.032484	
716	 28.661400	  3.761631	 27.072565	 -0.238656	 -0.727502	  0.501484	
717	 47.181797	 43.724201	  1.542803	 -0.497981	 -0.227122	 -0.380171	
718	  5.086740	 21.099760	  9.434883	 -0.467279	  1.152358	 -1.106896	
719	 43.701908	 15.243088	 21.171947	 -0.005154	 -0.904295	 -0.590733	
720	 24.745317	 17.630068	 31.890171	  0.465273	 -0.054527	 -0.118400	
721	  6.207973	 27.081629	  1.710510	 -0.462237	  0.639640	 -0.725367	
722	 33.135254	  1.609529	 28.196424	  0.009686	 -0.424288	 -0.574691	
723	  6.534387	 39.726425	 42.093868	  1.097111	  0.006626	  0.865635	
724	 36.638863	 31.986485	 17.911366	 -0.531482	 -0.426539	  0.167553	
725	  7.167921	 15.624469	 45.824730	 -0.165759	  0.071638	  0.655676	
726	 24.229954	 27.674463	 44.567150	  0.099692	 -0.652583	  0.055630	
727	 23.793175	 10.144011	  2.243878	 -0.762770	 -0.118318	 -0.231643	
728	 47.572151	 11.265973	 22.426506	 -0.595435	 -0.354232	  1.503158	
729	 39.400921	  1.499747	 47.259014	 -0.745622	  0.317746	 -0.253257	
730	 18.596207	 34.602245	 17.689686	  0.872384	 -0.167935	  0.480179	
731	 10.670700	 26.316013	 40.375469	  0.941690	 -1.431471	  0.599613	
732	 28.378233	 24.828880	 25.652933	 -0.461331	 -0.003065	  0.182856	
733	 10.354001	  6.945987	 13.282890	  0.165025	 -0.256889	  0.908472	
734	 46.556286	 37.103115	 29.197193	  0.521979	 -0.416925	  0.075942	
735	 17.024042	  0.766405	 46.341930	  1.000945	  0.368538	 -0.119924	
736	  2.960509	 42.424133	 35.901875	  0.704409	  0.238401	  0.850385	
737	 16.406679	 38.568089	  7.604281	 -0.151290	  1.078374	 -0.123345	
738	 43.034760	 10.839174	  3.714789	  0.027558	 -0.361414	 -1.118121	
739	  1.440043	 41.955795	 38.420757	  0.385762	 -0.316783	  0.126997	
740	 32.199345	 23.073288	 44.387001	 -0.490647	 -0.124199	  0.778641	
741	  1.460026	 46.054600	 26.866152	  0.245282	 -0.443948	  0.403282	
742	 13.433698	 26.304081	 11.423450	  0.170717	  0.355917	 -0.426230	
743	 43.124283	 29.062706	 38.581726	  0.329435	  0.095877	  0.693377	
744	 22.685490	 31.929508	  7.144636	 -0.061795	 -0.407243	 -0.222595	
745	 47.259270	 40.554363	 17.492310	 -0.750443	  0.060014	 -1.074177	
746	 30.775785	 33.653618	 14.995852	  0.344242	 -0.169418	  0.468476	
747	 15.183214	  1.033316	 25.277279	 -0.022569	 -1.493851	 -0.442097	
748	 11.551931	 26.976095	  2.591633	 -0.735148	  0.252120	 -0.657288	
749	  8.332507	 35.067364	 39.438061	  0.065889	  0.166920	  0.494727	
750	 32.614632	 21.950922	 41.392178	 -0.055071	 -0.556027	 -0.372796	
751	 38.364452	  2.068193	  5.553047	 -0.538024	  0.186839	 -0.322684	
752	 44.800278	 39.867741	 46.576550	 -0.662714	 -0.438076	 -0.037656	
753	  6.934132	  3.677894	 38.490139	  0.243793	 -0.003149	 -0.201861	
754	 27.383930	 17.939434	 35.826111	  0.338254	 -0.287267	  0.350060	
755	 23.229874	 21.395584	 21.590113	 -1.137575	  0.176242	  0.828244	
756	 21.396547	 42.978271	 22.388617	  0.435706	  0.068630	  0.495891	
757	 36.600536	 12.964414	 22.776321	 -0.354606	  1.011997	 -0.695945	
758	 11.314322	 42.875584	  0.074400	 -0.521390	  0.035200	 -0.306161	
759	 29.230558	 14.782334	 11.815588	  0.389552	 -0.715724	 -0.535039	
760	 30.907810	 29.032490	 33.221359	  0.398561	 -0.345279	  0.528050	
761	 17.111929	 40.124092	  3.402271	  0.236355	  0.440987	 -1.364239	
762	 17.066715	 36.875851	 46.952778	  0.439014	  0.350197	  0.588913	
763	 11.683581	 26.664886	 39.219410	  0.406079	 -0.205119	 -0.348602	
764	 25.078686	  1.908926	 21.537714	 -0.411622	 -0.723003	 -0.204316	
765	 32.394215	 36.439743	 42.075245	 -1.004180	  0.243439	 -0.897221	
766	 36.527790	 44.520039	 45.422283	  0.481615	 -0.004514	  0.094871	
767	  8.512701	 24.526167	 30.866253	 -0.563738	  1.326578	  1.023252	
768	 10.871948	 30.198717	 20.235687	 -0.219478	  0.082104	  0.285553	
769	 17.717852	 38.612972	 37.727779	  0.630830	  0.188385	 -0.852320	
770	 23.657122	 43.047668	  2.133606	 -0.518777	  0.390138	 -0.155638	
771	 29.761810	  6.772626	 12.037554	 -1.534768	 -0.478428	  0.121594	
772	 22.808062	  1.560504	 16.681120	  0.497485	 -0.470994	 -0.374771	
773	 18.327284	 40.759827	 40.600101	  0.379351	  0.751233	 -0.415931	
774	 28.306955	  6.622547	 39.893326	  0.343839	  0.302104	 -0.986607	
775	 34.153358	 28.609695	 45.925301	 -1.157058	 -0.331037	  0.192698	
776	 11.785147	 40.647114	  8.564903	 -0.200491	 -0.665742	  1.040151	
777	 40.450871	 40.088703	 38.511593	  0.619019	 -0.750451	 -0.623196	
778	  7.107157	 35.208141	  8.002210	  0.871442	  0.517857	 -0.670750	
779	  3.765463	 17.862967	 18.088428	  0.010389	  0.452095	 -0.216143	
780	  4.399590	 33.440033	  8.397568	  1.143475	 -0.145427	 -0.292900	
781	  7.980756	 42.696384	 28.565039	  0.626414	 -0.316985	  0.375055	
782	 12.225209	  5.081100	 42.935669	  0.478051	 -1.120940	  0.555335	
783	 28.104439	 35.912083	 31.195278	  1.168509	  0.055989	 -0.116821	
784	 42.909645	 33.770275	 17.306244	 -0.488471	  1.098273	 -0.080061	
785	 24.164154	  5.293889	 32.789974	  0.125005	 -1.307404	  0.313235	
786	 31.204258	 44.685509	 15.510439	 -0.452339	  0.407438	  0.555466	
787	 36.402458	 37.250275	  8.963724	 -0.031172	 -0.228686	  0.213740	
788	 11.538916	  9.609236	 41.244457	 -0.290949	 -0.784453	  0.099829	
789	 35.112484	 35.639484	 34.066299	  0.477170	 -0.528207	 -0.058436	
790	  9.684566	 22.853592	 19.063820	  0.049558	 -0.877016	 -0.426811	
791	 21.125725	 34.084759	 35.619862	 -0.435657	 -0.514354	  0.399703	
792	 21.667755	 33.097935	  6.505035	  0.156082	 -0.965440	 -0.976937	
793	 38.819225	 10.703590	 43.722950	 -0.065333	 -0.706980	  0.414556	
794	 41.939625	  6.933191	 24.562138	 -0.094234	  0.433515	 -0.916538	
795	 13.557364	 14.614609	 14.733343	  0.428001	 -0.334184	 -0.525052	
796	 26.268957	 18.692499	  2.675781	  0.172320	 -0.267583	  0.621642	
797	 40.127739	 38.975998	 22.349478	 -0.067772	 -0.460826	  0.360125	
798	 39.498352	 23.315144	  6.806530	  0.333432	  0.251441	  0.726641	
799	 26.924473	  6.633071	 13.252689	  0.294614	  0.241232	  1.445700	
800	  3.065431	 29.707424	 27.272091	  0.849811	 -0.756037	  0.581374	
801	 17.771702	 41.767910	  1.104395	  0.399808	 -0.498796	  0.463568	
802	 47.136108	 35.823181	 26.686697	 -0.357055	 -0.413293	 -0.006013	
803	  6.749290	  8.699318	 27.890617	  0.071312	  0.859299	 -0.299541	
804	 34.745159	  2.284866	 43.542175	 -1.334945	 -0.490620	  0.422211	
805	 39.378559	 24.060417	 44.690651	 -0.887947	  0.257933	 -0.288692	
806	 33.820137	  7.974171	 43.646503	  0.276338	 -0.738914	 -0.354926	
807	 45.122295	 12.628728	 23.502035	  0.637503	  0.950977	 -0.301793	
808	 26.321455	 32.524055	 30.874462	  0.107416	 -0.941894	  0.828522	
809	 27.704708	  7.350909	 28.130383	 -0.288041	 -0.695006	 -0.689695	
810	 28.257490	  0.180415	  0.805313	  0.075787	 -0.048550	  0.364900	
811	 45.193039	 45.273556	 12.864808	 -0.225572	 -0.423809	  0.916919	
812	 37.348755	 43.732830	 45.249870	  1.050580	  0.548573	 -0.570294	
813	 11.592474	 34.532944	 40.524204	 -0.097956	 -0.595258	 -0.888131	
814	  6.804148	 14.978034	 22.897394	  0.211353	  0.331625	  0.813350	
815	 36.384319	 16.079245	 10.919987	 -0.919216	  0.533059	  1.038844	
816	 33.651245	 31.654882	 24.181934	  0.279505	  0.682053	 -0.404901	
817	  7.480593	 11.471712	 35.364361	  0.395571	 -0.564905	 -0.089651	
818	 25.520565	  9.522384	 26.411520	 -0.820393	  0.139573	  0.280976	
819	 16.685972	 22.805412	 29.678907	 -0.916590	  0.059072	  0.259332	
820	 37.384033	 21.647415	 29.800846	  0.141983	  0.394812	  0.840185	
821	 46.653179	 17.753586	 44.176338	 -0.186382	 -0.351423	  0.269164	
822	 38.007950	 44.161846	 32.390419	 -0.275986	  0.459694	  0.773411	
823	  5.460365	 40.517498	 45.198395	  0.315927	  0.177119	 -0.968615	
824	  6.767514	  1.886893	 45.905930	 -1.032334	  0.577248	  0.625222	
825	 39.322681	 41.426094	 29.788080	 -0.948630	  0.030818	 -0.829899	
826	 38.874634	  7.427216	  1.405178	  0.307188	 -0.635346	 -0.482537	
827	 40.716492	  6.004949	 29.286366	 -0.746511	  0.260692	  0.294413	
828	 14.483569	 36.853687	 39.737251	  0.270822	 -0.546659	  0.571967	
829	 27.606571	 24.049202	 36.814201	 -0.443898	 -1.291024	 -0.199981	
830	 34.441154	 29.884008	 43.572144	 -1.222957	  0.076917	  0.102175	
831	 15.707287	 32.360680	 10.916031	 -0.687014	 -0.689326	 -0.262686	
832	 46.252354	  9.448924	  9.338231	  0.869656	 -0.570656	  0.074208	
833	 20.119028	 38.541878	 19.725204	 -0.175760	 -0.253890	 -0.114002	
834	 36.865833	 13.269012	 18.054901	  0.549543	 -0.336677	 -0.792776	
835	 34.131786	 25.727625	  0.518668	 -0.392092	  0.201801	  0.337945	
836	 47.742882	 13.062474	 12.729319	  0.187151	  0.373005	 -0.883502	
837	 42.233101	  6.372230	 27.889883	  0.443997	  0.210068	  0.061650	
838	 47.836277	 30.828478	  9.190923	  0.101730	 -0.990146	 -0.189994	
839	 37.622280	 46.926708	 37.176189	 -0.166368	  1.019692	  0.054631	
840	 31.844242	 37.428471	 26.332644	 -0.157122	 -0.979278	  1.442280	
841	 12.770039	 36.815372	 14.231190	 -0.520884	  0.963939	 -0.462745	
842	  5.283659	 25.489809	 10.406170	  0.358361	  0.241826	 -1.084163	
843	  1.180563	 40.235512	 34.019066	 -0.873541	 -0.274055	 -0.039348	
844	 39.669235	 25.684074	  6.597988	  1.049980	 -0.251879	  0.298645	
845	  0.779142	  6.439825	  3.556890	  0.124370	 -0.158491	 -0.263986	
846	 38.252472	 37.116531	 47.286095	 -0.021097	  0.412141	  0.374419	
847	 11.360830	 44.788750	  7.645032	 -0.933019	 -0.316283	  0.171583	
848	 33.604073	 47.417278	 41.843258	  0.612645	  0.172884	 -0.693207	
849	 41.161587	 20.661312	 26.221296	  1.103659	 -0.681196	  1.148406	
850	  4.382064	 46.634666	  2.734353	  0.452300	  1.005119	 -0.269066	
851	 11.176671	 33.504772	 39.934185	  0.390610	 -0.253064	  0.767016	
852	 37.084690	 23.674904	 22.589434	  0.025519	 -0.185475	  0.763920	
853	 11.428086	 26.349949	 23.223713	  0.890730	 -0.157079	  0.374356	
854	 17.301514	 12.605637	  0.430194	 -0.566240	 -0.425114	 -1.175151	
855	 45.956463	  8.580523	 16.644497	 -0.154333	 -0.530101	  0.401478	
856	 19.982475	 38.391861	 44.389111	 -0.952422	 -0.784794	 -0.871933	
857	 38.027569	 42.861404	  7.834388	  0.235626	 -0.622142	 -0.373302	
858	 44.604473	 32.191135	 19.867146	 -0.241612	 -0.661215	 -0.023051	
859	 42.927578	  0.352176	 17.843887	  0.516430	  0.600496	 -0.701762	
860	  2.409170	  7.356899	 27.096897	 -1.042824	  0.127275	  0.120314	
861	 23.430744	 18.162766	  9.824832	 -0.952125	 -0.440194	 -0.117040	
862	 35.439789	 30.481056	 17.198997	  0.330786	  0.702569	 -0.430105	
863	 42.212894	  0.243825	  7.492826	 -0.976766	 -1.075634	  0.767639	
864	  4.635235	 46.372208	 34.517784	 -0.907905	  0.245310	  0.293370	
865	 45.152191	  1.767357	 45.886612	  0.069167	 -0.895311	 -1.008748	
866	 43.762455	 43.739948	  8.494578	  1.489359	 -0.449626	  0.946331	
867	 20.781757	  3.413436	 41.820351	 -0.524114	 -0.419443	 -0.530497	
868	  7.486821	 16.875422	 37.358059	  0.087507	 -0.536505	  0.657047	
869	 26.253689	 36.659721	 18.794987	 -0.273685	  0.791590	  0.798349	
870	 30.116741	  8.339834	 38.341927	 -0.419529	 -0.895491	 -0.336003	
871	 26.847559	 25.767540	 12.382187	  0.386873	 -0.179646	 -0.365610	
872	 20.701687	  5.940861	 35.021854	  0.656531	  0.853153	 -0.110737	
873	 23.250862	  1.463825	 19.285610	 -0.272779	 -0.008746	 -0.782939	
874	 11.378894	 22.859413	 35.386478	 -0.517578	  0.806943	 -0.036521	
875	  2.107337	 42.587967	 13.964497	  0.751572	 -0.221698	  0.179254	
876	 19.315598	 13.860518	 39.381283	  1.290323	 -0.412512	  0.210746	
877	 32.937836	 35.548183	  6.824973	 -0.414613	 -0.452647	 -0.689537	
878	  3.285424	 14.980598	 20.917866	 -0.767159	 -0.212278	 -0.195743	
879	  6.412661	 39.498619	 29.809622	  0.640507	 -0.795291	  0.181083	
880	 13.221307	 18.094225	 45.570850	  0.204453	 -0.022894	  0.310454	
881	  7.316048	  3.718433	  1.516264	  0.494650	 -0.317217	  0.362950	
882	  0.269283	 33.467659	 11.329269	 -0.291165	 -0.101665	  0.054158	
883	 47.516766	  4.895354	 26.692955	  0.175827	 -0.239809	 -0.768329	
884	 40.576336	 17.774586	 24.815708	 -0.744205	 -0.449304	  0.099984	
885	  0.606884	 30.318939	 27.029722	 -0.034294	 -0.492700	  0.780532	
886	 22.549147	 37.914211	 34.989231	  0.366773	 -0.276635	  1.201137	
887	 44.417778	  5.470222	 38.506710	  0.648297	 -0.299675	  0.897306	
888	 36.556747	 20.032572	 17.291449	 -1.167895	  0.614495	 -0.055566	
889	 38.461311	 22.028246	 45.946896	 -0.470914	  0.071507	 -0.419602	
890	  1.968709	 42.104172	 21.024704	 -0.268908	  0.527826	  0.125422	
891	  6.390777	  0.486095	 36.249172	  0.816854	  0.078916	  0.209332	
892	 25.926146	  5.330161	  4.519799	  0.373468	  0.226332	  0.215785	
893	 41.580956	 16.911512	 39.299988	  0.298682	  0.832604	  0.593603	
894	 42.835140	  1.943532	  7.284210	  0.206930	  0.491195	 -0.301530	
895	 11.225783	 34.026218	 43.489838	  0.590812	  0.194262	  0.290268	
896	 18.774889	  1.090269	  0.633078	  0.535693	 -0.027725	  0.017148	
897	 18.874708	  8.813335	 40.010380	  0.840074	 -0.574989	 -0.161978	
898	  1.800663	 17.573839	 20.065332	  0.293636	  0.204062	 -0.329860	
899	 24.932568	 12.620505	  9.736967	 -0.034825	  0.282522	  1.142140	
900	 26.709398	 32.913815	  4.105979	  0.992103	 -0.085250	  0.153462	
901	 41.423283	 47.002285	 29.590914	 -0.753711	  0.419344	 -0.506033	
902	  2.120254	  7.739525	 13.618504	 -0.571079	  0.212436	  0.669998	
903	 47.559162	 15.071536	  2.052427	 -0.116762	  0.676299	 -0.240184	
904	 17.332891	 45.706524	 26.611189	 -0.832205	  0.617316	  0.987414	
905	 27.717028	  5.100065	 27.462755	 -0.186588	 -0.928873	 -0.679223	
906	  3.937626	 19.197653	 23.441391	 -0.703795	  0.299940	 -0.592414	
907	 28.620573	 16.264603	 36.246017	 -0.743262	 -0.411519	 -0.423800	
908	 33.208450	 46.908062	 25.602766	 -0.341466	 -0.217733	  1.158410	
909	 29.522938	  5.484303	 42.821476	 -0.770769	  0.167701	  0.419407	
910	  7.753516	 40.410446	 21.487080	  0.133118	  0.002163	 -1.176229	
911	 12.127460	 41.827690	 29.224312	  0.197396	  0.751621	 -0.557942	
912	 13.699380	  3.948866	  6.692144	 -0.580661	  0.262103	  0.199497	
913	 30.619507	  8.830054	  1.921035	  0.317533	  0.438327	 -0.155325	
914	  8.814186	 20.521269	  0.706317	  0.723183	  0.615259	  0.313787	
915	 32.534214	 18.108307	 32.482594	 -0.428144	 -0.559993	  0.152314	
916	 36.012218	  0.425376	 16.726404	  0.635233	 -0.213379	 -0.939428	
917	 10.422819	 18.657448	 14.224937	  0.164028	 -0.386486	 -0.288027	
918	 42.404446	 10.363330	 26.738369	 -0.672848	  0.119510	 -0.522065	
919	 19.353338	  3.459702	  1.016860	  0.381303	  0.243802	 -0.756335	
920	 20.706949	  0.215803	 25.748047	  0.450892	 -0.444084	  0.186471	
921	  1.111610	 36.044342	 13.590830	  0.162643	 -0.983781	  1.059791	
922	 46.150101	 33.139931	 18.079592	  0.483124	 -0.181295	 -0.784044	
923	 14.827995	 13.331167	  5.444060	  0.325289	 -1.005073	  0.580194	
924	 39.659027	 19.653564	 36.247864	  0.414019	 -0.822509	  0.539333	
925	 15.508802	 15.582331	 13.816056	  0.194038	  0.085618	  0.440753	
926	  2.898098	 26.044550	 10.919227	  0.579330	  0.405622	  0.870238	
927	  5.652359	 10.188170	 16.389183	  0.422042	  0.544258	 -0.612915	
928	 14.382946	 18.585802	 44.210388	 -0.431785	  0.120714	  0.893862	
929	 29.656199	 44.119232	 45.553123	  0.195448	 -0.414673	  0.168731	
930	 24.353727	 46.188702	 22.357336	 -0.329609	 -0.002682	  0.950198	
931	 25.771984	  9.511010	 18.162315	 -0.565254	  0.668674	 -0.010691	
932	 12.352856	 11.781106	 33.902447	 -0.190201	  0.277227	  1.347978	
933	 29.178738	 37.288082	 24.141893	 -1.110033	  0.518482	  0.235298	
934	 43.714031	 39.991760	  6.072439	 -1.208415	  0.164099	  0.750783	
935	 42.776188	 11.134829	 36.910179	  0.638774	 -0.337064	  0.947546	
936	  1.884311	 36.426792	  9.734322	  0.169318	 -0.318534	  0.621321	
937	  9.561691	 11.196836	 44.496582	  0.148224	 -0.986346	 -0.071776	
938	  8.650160	 40.329060	  3.990006	  0.788093	  0.208692	 -1.097207	
939	  3.939528	 44.862846	 28.392792	 -0.405565	 -0.357211	  0.227005	
940	  9.955666	  9.517972	 31.893511	 -0.352075	  1.160184	  0.459068	
941	 31.002941	 44.828648	 31.439165	 -1.804355	  0.554257	  0.315811	
942	 42.480492	 38.263828	 34.603527	 -2.372319	 -0.028403	 -0.564370	
943	 30.648800	 39.142982	 45.584293	  0.313838	 -0.292788	 -1.295303	
944	 32.219017	 19.184998	  9.034883	  0.214354	  0.943104	  0.254178	
945	 17.233685	 43.075058	 44.679886	 -0.554370	  1.106850	 -0.393931	
946	  4.568002	 39.093971	 42.359287	  0.449943	 -0.527020	  0.602344	
947	 43.389793	 38.628326	  2.772709	 -1.042715	  0.228677	 -0.062683	
948	 17.803940	 12.795536	 34.673767	  0.014187	 -0.549650	  0.486945	
949	 40.413326	  6.696166	 23.997217	 -0.119644	 -0.034583	  0.457792	
950	 42.910229	 14.434061	 32.195766	 -0.235303	 -1.308638	  0.319837	
951	  5.893350	  2.861752	 16.955959	  0.051925	 -0.097094	  0.565142	
952	 40.418842	  3.886707	 24.179607	 -1.051329	 -0.609056	 -0.543280	
953	  8.671499	 29.142740	 10.622811	  0.840035	  0.508970	 -0.033502	
954	 27.143703	 11.593781	 43.221844	 -0.838544	  0.345980	  0.018860	
955	 26.745461	 30.830938	 35.395546	 -0.532864	 -1.126507	  0.522485	
956	 35.914581	 20.737148	 16.608711	 -0.106992	 -0.650677	 -0.318821	
957	 37.874264	 23.165077	 34.060757	  0.551504	 -0.176494	  0.347698	
958	 12.306573	  0.703373	 22.990477	  0.983203	 -0.178266	  0.039142	
959	  2.603330	 16.617481	 34.996658	  0.388014	 -0.728541	 -0.415959	
960	  9.565815	 27.124710	 39.781689	  0.955039	 -0.704507	 -0.621728	
961	 31.248772	 34.530857	  1.125231	 -0.582933	  0.419815	  0.456449	
962	 21.980722	 32.860149	 23.784966	 -0.034941	 -0.017543	  0.897731	
963	 46.730843	  9.636248	 13.803837	  0.001152	  0.562860	 -0.216490	
964	 46.415192	 40.235424	 12.374310	  0.987211	 -0.082532	  0.136392	
965	  2.064869	 45.260830	  8.382113	  0.751674	  0.693869	 -0.181871	
966	 43.278854	 28.414316	 24.754330	 -1.175053	  0.381555	 -1.237513	
967	 20.996050	 12.319218	 36.103981	  0.084031	 -0.434686	  0.484478	
968	 47.306362	 19.212297	 20.472281	  1.106442	 -0.655424	 -0.026791	
969	 34.466103	 45.097309	  1.562667	  0.477615	  0.238921	 -0.539417	
970	 46.432808	 13.199060	 32.602070	  0.044348	 -0.158261	  0.529774	
971	 46.246609	  9.655745	 15.445507	 -1.533566	  1.070958	 -0.043280	
972	 27.915743	  1.564753	 23.681890	  1.164145	 -0.415517	  0.081064	
973	  5.982533	 27.056286	  7.200266	  1.471431	 -0.187656	  0.428182	
974	 33.041733	 35.639259	 43.450375	 -0.274062	  0.091422	 -0.056443	
975	  3.241326	 34.949806	 13.562997	  0.844254	  0.269639	  0.000305	
976	  9.268711	 41.724884	 37.818207	 -0.022554	  0.273499	  0.431425	
977	 47.257805	 27.436874	 35.182068	  0.155523	  0.827778	 -0.176951	
978	 18.568571	 11.101970	 38.545277	  0.143063	  0.767005	 -0.347436	
979	 39.437576	 24.069286	  3.671239	 -1.007487	  0.663430	  0.105133	
980	  9.673964	 36.450253	  4.568332	  0.678934	  0.430379	 -1.182450	
981	 43.280525	  9.876670	 47.077747	  0.047565	  1.271162	 -0.062026	
982	  0.377076	 21.781561	 18.489328	  0.283263	 -0.362492	  0.531483	
983	 14.486454	 15.130274	  1.144126	  0.397322	 -0.691529	  0.545913	
984	 14.713853	  5.385498	 28.447632	  0.603173	  0.155300	 -0.471263	
985	  8.287927	 15.974298	 23.101089	  0.132578	  0.132071	 -0.287748	
986	 47.576962	 42.742298	 30.352098	 -0.074854	  0.066651	  0.307299	
987	  4.233071	  6.324228	 14.778989	  0.197401	  0.858299	  0.797262	
988	 11.317298	 35.832684	 20.983288	 -0.844900	  0.126568	 -0.066174	
989	 28.723181	  1.276138	 11.234015	  0.006530	 -0.485714	 -0.156304	
990	 24.330360	 14.429064	 29.860931	 -0.133093	 -0.872240	 -0.366445	
991	 23.653847	 27.279716	 17.546734	  1.040596	  0.261754	 -0.412007	
992	 28.033718	 13.238535	 28.687355	  0.028443	 -0.546726	 -0.229968	
993	 22.593422	  8.237333	 15.647591	  0.511814	 -0.311720	 -0.180964	
994	 31.539549	  0.105366	 21.204803	 -0.244342	 -0.453995	 -0.856846	
995	  7.909173	 45.867348	 11.877785	 -0.158094	 -0.212396	 -0.383754	
996	 42.369843	 17.518225	 41.915497	  0.241098	 -0.149647	 -0.267943	
997	 27.531406	 33.031506	 37.252350	 -0.006411	  1.113416	 -0.015383	
998	 20.137894	  3.193868	 12.484409	 -0.100813	 -0.094550	 -0.284466	
999	 38.584568	 13.700271	 14.058077	 -0.510501	  0.333231	 -0.299668	
1000	 32.813992	 25.274349	  6.316257	  0.112463	 -0.927193	 -0.264540	
1001	 47.687489	 10.685925	 38.728413	 -0.308276	 -0.954351	  0.465425	
1002	 16.821932	 25.065639	 14.717399	 -0.686782	 -0.306448	 -0.427574	
1003	  4.684233	  6.849616	 48.002529	  0.488206	  0.338908	  0.634769	
1004	 39.532658	 42.047756	 25.216267	  0.318164	  0.788265	 -0.501154	
1005	 30.182917	 42.865288	 41.215881	 -0.070762	  0.962484	 -0.583344	
1006	  9.338994	 28.366829	  0.416163	 -0.217924	  0.662541	  0.468348	
1007	 26.881195	 37.233505	  2.153457	 -0.089799	  0.190740	  0.090626	
1008	 44.302036	 36.386589	 23.766373	  0.908765	 -0.622080	  0.446718	
1009	  6.210036	 23.597614	  8.752822	 -1.045587	  0.284847	 -0.075224	
1010	 45.011398	 42.093987	 19.494020	  0.097064	 -0.592455	  0.029166	
1011	 17.702930	 41.895058	 10.416489	  0.100459	  0.449964	 -0.538660	
1012	 12.557191	 24.374979	  4.571332	 -0.155288	 -0.746689	 -0.408900	
1013	 21.945608	  6.777890	 11.655417	  0.301737	  0.325156	  0.456560	
1014	 47.852257	 46.988350	 47.166458	 -0.696650	  0.628055	 -0.974131	
1015	 17.514038	  7.969359	 17.683075	 -0.570820	  0.523556	 -0.543908	
1016	 10.081426	 27.333632	 30.403133	  0.448350	  0.130501	 -0.621090	
1017	 38.625477	 27.496895	 15.672110	  0.134404	 -0.063157	 -0.539191	
1018	 16.020468	 11.290593	 24.912710	  0.254857	 -1.045475	  1.142355	
1019	 21.068556	 12.381272	 13.210392	 -0.169030	  0.677212	  0.795563	
1020	 38.500984	 37.181103	 19.036173	  0.667955	  0.437593	 -0.080317	
1021	 22.021887	 46.039047	  0.451378	 -0.506873	 -1.015703	 -0.743392	
1022	 15.738253	 22.235764	 11.288591	 -0.328260	 -0.516818	  0.647338	
1023	 15.487827	 10.947167	 29.970392	 -0.199284	  0.526992	  0.054017	
1024	 23.608538	 14.366555	 35.747887	  0.590790	 -0.082793	  0.199581	
1025	 31.293644	  2.116144	  0.863139	  0.089742	  0.082137	  0.230856	
1026	  1.892534	 26.801292	  9.681291	  0.311051	 -0.992572	  1.220957	
1027	 11.144112	 38.437901	 42.933357	 -0.537847	  0.142893	  0.200922	
1028	 36.577747	  0.379672	 40.735710	 -0.198780	  0.197919	 -0.690929	
1029	  9.926606	  8.122787	 43.515656	  0.203567	  0.113192	 -0.344843	
1030	  7.693104	  6.602165	 19.344843	  0.448716	  0.172257	 -0.720829	
1031	 46.217289	 42.939705	 20.122019	 -0.524073	  0.970915	  0.041787	
1032	 45.437725	  0.764043	 23.923187	  0.324676	  0.809828	 -0.106919	
1033	 15.723263	 31.263115	 33.424538	  1.212224	 -0.849165	 -0.508752	
1034	 10.436829	  4.237851	 16.851976	 -0.195384	  0.336511	 -0.660659	
1035	 27.486141	  6.529643	 26.968782	 -0.259492	 -0.254285	 -0.296962	
1036	 33.186848	 42.820274	 36.107037	  0.206546	 -0.155920	 -0.753735	
1037	 31.413883	  8.339397	  8.971524	  1.211319	 -0.855986	  0.043371	
1038	  3.227157	  3.815185	 20.179165	 -0.468198	 -0.344822	 -0.584532	
1039	  7.729657	 21.179512	 35.550869	 -0.103282	 -0.021882	  0.672913	
1040	 38.754166	 17.851217	  7.501410	  0.348060	  0.057481	 -0.953162	
1041	  2.056922	 47.212601	 35.379875	  0.395817	 -0.405797	  0.507517	
1042	  6.713827	 32.932144	 42.745209	 -0.233069	 -0.129489	  1.087220	
1043	 40.106766	 38.707520	 18.467375	 -0.468077	 -0.447961	  0.952525	
1044	 43.438297	 38.187649	  4.016499	  1.201175	  1.016279	 -0.064850	
1045	 17.991505	 35.462257	 10.295882	 -0.274304	 -0.084900	 -0.861492	
1046	 27.428432	 14.811441	 19.169012	 -0.620558	  0.422708	  0.289302	
1047	  4.888941	 15.934220	 22.905680	 -1.349764	  0.432236	  0.178407	
1048	 27.220207	 20.047052	  1.545168	 -0.544616	 -0.483904	 -0.436691	
1049	  1.854844	 24.483959	  3.027104	 -0.089623	 -0.325957	  0.193856	
1050	  1.178671	 33.014015	  2.260043	 -0.365180	  0.140011	 -1.028294	
1051	  7.442812	 44.295452	 20.456781	 -0.205376	  0.532486	 -0.495648	
1052	 21.056166	 22.833151	 20.217594	 -0.280598	  0.706629	 -0.477192	
1053	 28.970488	 24.194910	  1.860815	  0.057185	  0.299237	  0.138111	
1054	 45.264275	 12.621366	 38.546104	  0.544493	  0.200005	  0.044650	
1055	 29.766556	 35.583244	 38.478336	 -0.110025	  0.498429	 -0.265587	
1056	 20.724653	 43.936832	 19.741493	 -0.299645	  0.974055	  0.736491	
1057	 30.968880	 14.147810	 21.619938	  0.767273	  0.208191	 -0.723167	
1058	  5.574645	 27.465303	 10.914604	 -0.206108	 -0.347654	 -0.364700	
1059	 31.429220	  4.036216	 19.037289	 -0.065429	  1.397115	 -0.270843	
1060	 10.305994	 11.245662	 45.992001	 -0.500837	  0.138014	 -0.167277	
1061	 14.014630	 31.467503	 25.055719	  0.929679	  0.111209	  0.090080	
1062	 32.930782	  0.914548	 29.083101	  0.149839	  0.331624	  0.342825	
1063	 43.729187	 36.434525	 45.581463	 -0.663299	 -0.085109	  0.768728	
1064	 27.409958	 47.911404	 33.780453	 -0.577938	  0.420260	 -0.972792	
1065	 18.453552	 36.282120	 20.632790	  0.164254	 -0.104624	 -0.021978	
1066	  1.575155	  3.858854	 27.493158	 -0.397233	  0.155573	 -0.000087	
1067	 29.375227	 23.039267	  2.970846	  0.207661	  0.145443	  0.319510	
1068	 43.321350	 43.061596	 42.140141	  0.185047	  0.484520	  0.854984	
1069	  2.014760	  5.368143	 35.094734	  0.679015	 -0.143106	 -0.125592	
1070	  4.636598	 15.062555	 25.296261	  0.266401	  0.441573	 -0.534901	
1071	 17.987850	 29.887165	  9.503863	  0.596755	 -0.352226	 -0.349486	
1072	 17.158718	 46.714973	 45.825279	 -0.478666	 -0.018997	 -0.366159	
1073	 15.098169	 45.567604	 36.376534	 -0.051749	 -0.080121	  0.379579	
1074	 22.221157	 17.369184	 47.281891	 -0.210623	 -0.648171	 -0.615915	
1075	 44.272953	  8.943645	 38.940998	 -0.761549	  0.007134	 -0.451961	
1076	  3.902474	 31.506382	  1.240372	 -0.100428	 -0.313391	 -0.263226	
1077	 10.077781	 43.552967	 15.304191	  0.742609	 -0.504710	 -0.324920	
1078	 38.958096	  4.907909	 21.684584	 -0.648550	  0.630583	  0.383408	
1079	 24.178099	 22.483402	 11.616844	  0.689688	 -0.383037	  0.145205	
1080	 18.034367	 20.966589	  8.493282	  0.416595	  0.202929	  1.085838	
1081	 17.562519	 20.050787	  4.672118	 -0.971503	 -0.365659	 -0.186991	
1082	 36.108627	 41.955700	 39.376949	  0.743680	  0.786648	  0.170803	
1083	 26.012236	 17.581337	 23.148926	 -0.733776	  0.572804	  0.365333	
1084	 36.105854	 41.625664	 47.845322	 -0.243618	 -0.505723	  0.233536	
1085	  8.440424	 26.023647	 35.310081	 -0.380417	  0.579428	  1.103923	
1086	 30.173210	 40.449127	 16.519970	 -0.814463	  1.218158	  0.323735	
1087	  6.816066	 44.447716	 27.277067	 -0.248030	  0.360605	  0.458621	
1088	 28.864655	  7.067050	 46.536854	  0.565609	 -0.029717	 -0.696710	
1089	 46.866306	  2.659219	  3.455207	 -0.007522	  0.309617	  0.716829	
1090	 45.696545	 18.360708	 28.679411	 -1.226655	 -0.404401	  0.580330	
1091	  7.830558	 15.374339	 45.024616	 -0.123597	  0.683921	  1.177091	
1092	 12.223729	  0.359198	 26.738426	 -0.598819	  0.303207	  0.286564	
1093	  8.402077	 21.735977	 12.179472	 -1.029862	  0.551997	  0.108583	
1094	 32.083546	 47.840393	 20.633734	 -0.003546	  0.666515	 -1.193507	
1095	 28.310553	 22.538395	  7.809079	  1.139084	 -0.730382	 -0.104306	
1096	 46.494232	 31.930901	 36.691181	 -0.245713	  0.487996	 -0.518290	
1097	 13.565739	 32.205036	 42.570881	  0.043948	  1.060045	 -0.431504	
1098	  5.475275	 27.166714	 30.366756	  0.336256	  1.332782	  0.135930	
1099	 11.156448	 12.504953	 38.420219	 -0.864578	  0.424855	 -0.257812	
1100	 20.388321	 22.502596	 15.458305	  0.512204	 -0.625104	 -0.345808	
1101	 24.312927	 16.312304	 16.232964	  0.254579	  0.141818	  0.424699	
1102	 18.924046	 22.564964	 42.631077	 -1.313249	 -0.277447	  0.024550	
1103	 20.882519	 33.272747	 29.213291	  0.312916	 -0.106862	  0.506796	
1104	  5.476829	 31.825525	 16.519850	  0.357865	  0.608874	  0.048584	
1105	  0.355908	 10.565056	 26.435226	  0.328454	  0.933605	  0.511732	
1106	 37.784435	 15.425112	 33.182522	 -0.683099	 -0.006381	  0.237544	
1107	  2.456662	  1.949144	  8.844317	  0.582863	 -0.211433	 -0.953782	
1108	  4.448428	 27.110573	 38.859535	 -0.904037	 -0.611949	 -0.770156	
1109	 41.421490	 37.240536	 31.562294	  0.713162	  0.181998	 -0.123577	
1110	 23.708788	 28.826891	 30.536123	  0.276540	  0.084926	  0.303229	
1111	 18.880283	 13.169322	 11.202002	 -0.516641	 -0.491475	  0.899531	
1112	 15.149722	 40.632748	  0.091545	  0.442195	 -0.042703	 -0.191399	
1113	 27.405815	 28.810551	 29.247082	  0.285615	 -0.435954	  0.841377	
1114	  9.278068	  7.530390	 34.152737	 -1.080058	  0.431412	 -0.162175	
1115	 14.300079	  9.556239	 14.014046	 -0.540363	  0.980622	 -0.546404	
1116	  8.681777	 10.369037	 15.573507	 -0.295689	 -0.652556	  0.049921	
1117	 13.709156	 18.601398	 26.934908	 -0.629633	  0.103517	  0.114188	
1118	 34.285748	 19.330114	 21.133127	 -0.058113	  0.540828	 -0.103904	
1119	  7.483124	 39.510830	 43.773918	 -0.069902	  0.117357	 -1.137894	
1120	 23.597450	 32.000660	 19.437246	  0.418417	  0.479504	 -0.497987	
1121	 23.898199	 35.833427	 13.182740	  0.175479	 -0.917717	 -0.178249	
1122	 15.043860	 24.756357	 25.885487	  0.618329	 -0.319725	 -0.342852	
1123	 33.466591	 10.062787	 13.539629	 -0.501295	 -0.432122	  0.572254	
1124	 15.381217	 38.249367	  6.042707	 -0.593617	 -0.249960	  0.366285	
1125	 32.313557	 11.201847	  5.093700	  0.581489	  0.157921	  0.623646	
1126	 32.631874	 12.274137	 43.002472	  0.997329	 -0.417127	  0.195869	
1127	 10.911951	 36.971554	  8.975704	 -0.162484	 -1.094821	 -0.938608	
1128	 39.579231	  5.532568	 46.759979	 -0.534821	  0.202731	  0.356912	
1129	 38.491508	  4.567251	  5.872785	  0.958847	  0.034207	  0.301543	
1130	  7.130124	  3.293689	  7.961173	  0.700996	  0.008311	 -0.451394	
1131	 12.356517	 27.249907	 35.395473	  0.103222	  0.404969	  0.778831	
1132	 28.562687	 29.687193	 24.499367	  0.286930	 -1.213242	 -0.804891	
1133	 27.116867	 18.357311	  4.898490	 -0.073901	  0.322151	  0.512299	
1134	  0.356700	 35.952053	 33.499012	  0.598136	 -0.607285	 -0.795150	
1135	 16.515505	 33.831043	 37.152115	 -0.092694	  0.018754	  0.102994	
1136	  6.913893	 43.794983	 14.793511	  0.922158	 -0.021698	  0.327563	
1137	 31.985107	 31.600252	 23.626694	  0.054553	  0.913188	 -0.563615	
1138	  9.395694	 39.984451	  2.152753	  0.823414	  0.232297	  0.204480	
1139	 36.713596	 25.868584	 41.977859	 -0.668587	 -0.631778	  0.758160	
1140	 19.541510	 13.817469	  8.072377	 -0.109807	 -0.835415	  0.127105	
1141	 38.524223	  6.482921	 30.075104	  1.182019	 -0.428273	  0.002387	
1142	  9.579335	 15.624404	 35.586037	 -0.640430	  0.288624	 -0.313978	
1143	  3.175762	 32.923447	 13.787825	  0.750616	  0.016802	 -0.498403	
1144	 17.952599	 12.641022	 43.515106	  0.219169	  0.357371	  0.196501	
1145	 12.118999	 38.379253	 27.674759	 -1.798038	  0.787486	  0.074218	
1146	 21.337191	  2.351549	 27.885960	  0.327367	  0.921070	 -0.286665	
1147	 42.536182	 22.122381	  0.958839	  0.302775	 -0.488596	  0.217116	
1148	 18.108301	 28.541500	 10.994810	  0.076929	  0.830014	  0.943875	
1149	  9.455486	 42.892712	 23.012102	 -0.969719	 -0.679348	  0.377381	
1150	 47.317940	 18.709091	 18.503069	  0.771530	 -0.772565	 -0.228120	
1151	 37.152782	 35.004505	 24.810057	 -0.039551	  0.348511	  0.176419	
1152	 12.938412	  4.937539	 15.430220	  0.073066	 -0.136102	 -0.995728	
1153	 28.465736	  7.332063	  0.530310	 -0.973261	  0.214825	 -0.428914	
1154	 12.931052	 37.282272	 42.822128	  0.780689	 -0.901411	 -0.202719	
1155	 20.901424	 20.470865	  6.069307	 -0.317792	 -0.674670	  0.327504	
1156	 29.992483	 25.279556	  2.533939	  0.124443	 -0.297489	  0.505768	
1157	 27.399944	  8.968872	 20.093552	  0.757662	 -0.916248	  0.746282	
1158	 12.021656	 20.595203	 20.229879	 -0.373828	 -0.784890	  0.093774	
1159	  4.544113	 44.713196	 32.225483	 -0.852060	 -1.084705	  0.582110	
1160	 43.199562	 37.402992	  5.934739	 -0.435560	  0.142429	 -0.679911	
1161	 16.651119	  1.253713	  4.423336	 -0.504703	  0.298461	  0.563457	
1162	  9.478359	 20.389896	 21.505520	 -1.128342	 -0.625520	  0.137216	
1163	 39.381493	  7.233321	  3.754759	  0.541587	 -0.843082	 -0.293996	
1164	 21.006523	 42.493298	 45.220108	 -0.909846	 -0.143796	  0.053015	
1165	 21.000360	 12.086067	 20.615093	 -0.547311	  0.213734	 -0.075401	
1166	 38.578213	 38.201279	 45.682224	  0.397274	  0.211740	 -0.774904	
1167	 34.126579	 43.087769	 21.010391	  0.051094	  0.304582	 -0.577474	
1168	 13.835329	 33.186676	 46.502197	  0.571492	  0.360757	 -0.786623	
1169	 18.228796	 36.597530	 34.686722	  0.136291	 -0.084201	 -0.011520	
1170	 19.080574	  5.912615	 26.916960	 -0.237187	 -0.212509	 -0.080718	
1171	 21.333572	 12.659386	 12.936792	 -0.712988	 -0.242593	 -0.610158	
1172	 37.770920	 15.651030	 43.740082	  0.891239	  0.528691	  1.210083	
1173	 13.874575	 12.939540	 28.657064	 -0.994617	  0.194015	  0.165923	
1174	 15.071095	  5.188195	 33.685463	 -0.545899	 -0.753246	 -0.751211	
1175	  0.370675	 29.852562	 31.995558	  0.362713	  0.237423	  0.275375	
1176	 12.260585	 16.640987	 18.584084	  0.856470	 -0.530060	  0.332571	
1177	 20.794880	 14.221052	 10.571632	  0.781587	 -0.157388	 -0.304303	
1178	 16.070078	 13.277782	  7.678493	 -1.240369	 -0.179394	 -0.264748	
1179	  4.766699	 37.497944	 42.000408	  1.061574	  0.093956	 -0.156536	
1180	 23.563442	 40.797352	 37.169300	  0.895172	 -0.400961	 -1.366616	
1181	 47.634113	 22.575779	 40.611061	 -0.750717	  0.067493	 -0.227035	
1182	 43.611336	 30.708973	 24.587902	  0.340404	 -0.152694	  0.246628	
1183	 40.852467	 26.931675	 10.435665	 -0.131755	  0.399086	 -0.907398	
1184	 43.333458	 25.194790	 14.531355	 -0.592756	  0.470507	 -1.073456	
1185	 15.502886	 34.937950	 20.233444	 -0.372626	  0.275964	 -1.077840	
1186	  7.110428	 21.324123	  7.132051	 -0.462686	  0.681982	 -0.290174	
1187	 47.348278	  0.189088	 17.446564	  0.513377	 -0.056652	  0.717443	
1188	 19.429691	 28.825907	 12.878334	 -0.078494	 -0.813573	  0.225360	
1189	 17.286308	 28.386446	 35.730034	 -1.062975	  0.162943	  0.047036	
1190	 35.363670	 32.573669	  2.384617	  0.885584	 -0.274289	  0.164626	
1191	 24.613894	 38.212456	 33.205139	 -0.462475	  0.351409	  1.149064	
1192	 39.198574	  4.611846	  2.964264	  0.520016	  0.457544	  0.759917	
1193	 10.279217	 23.526913	 20.706551	  0.245333	 -0.305242	  0.401216	
1194	 13.031741	 25.030453	 20.234728	 -0.026991	  0.517412	 -0.844625	
1195	 36.661549	 22.849405	 29.250061	 -0.490849	 -0.166582	 -0.236938	
1196	 16.761877	 30.057255	  7.418362	 -0.106113	  0.878777	  0.472542	
1197	 39.946327	 29.704674	 29.993561	 -0.580175	  0.665163	 -0.135019	
1198	 18.342722	 18.111933	 42.527699	  0.531139	 -0.390914	 -0.430320	
1199	 11.706148	 19.378151	 22.058765	 -0.131926	  0.057030	 -0.205272	
1200	 28.890234	 24.310768	  0.839058	  1.166188	 -0.261292	  0.929507	
1201	  3.485629	 22.419096	  7.688040	  0.055292	  0.276751	 -0.430380	
1202	 12.637464	 46.540600	  6.424482	 -0.743627	 -0.229409	  0.142747	
1203	 32.707340	 22.912228	 15.809755	 -0.761638	 -0.045041	 -0.073457	
1204	 23.917088	 46.546932	 19.969625	 -0.138723	  0.519798	  0.142395	
1205	 41.017643	 14.173903	 47.622082	 -0.055898	  1.220544	 -0.228790	
1206	 26.762030	 38.585747	 29.919754	 -0.630335	 -0.656725	  0.058093	
1207	 32.022274	  9.847508	  3.619652	 -0.041856	  0.660123	  0.942964	
1208	 33.453636	 27.237339	 29.329346	 -0.411073	 -0.281619	  0.205840	
1209	 13.400767	 26.087646	 15.395267	  0.065297	 -0.418879	  0.905691	
1210	  5.589844	 27.286762	 46.529728	 -0.326379	  0.322571	  0.888496	
1211	 47.124954	 29.572029	 39.139252	  0.512275	 -0.898354	 -0.025177	
1212	 41.612816	 32.767044	 39.753094	  0.157940	 -0.367203	 -0.268932	
1213	  6.176506	  2.970269	 45.474258	 -1.378076	  0.531548	  0.224638	
1214	 15.906613	 46.613361	 23.693151	 -1.414733	 -0.039167	  0.329566	
1215	  3.647148	 30.821985	 32.765812	  0.788764	 -0.463618	  0.150910	
1216	 28.819695	 17.823668	 45.208900	  0.565226	  0.402894	  0.159885	
1217	 23.823318	 20.485201	 40.983528	 -0.167549	 -0.068889	 -0.040696	
1218	 31.682575	 20.956459	  8.442608	 -1.326996	 -1.022855	  0.754994	
1219	 38.053947	 37.658772	 20.112883	  0.311626	 -0.201702	  0.495130	
1220	  2.179643	 24.920269	 26.913252	  0.700702	 -1.314460	  0.677919	
1221	  1.458284	 15.165430	 37.853722	  0.485868	 -0.557611	 -1.572040	
1222	 27.343477	  2.991177	 41.008339	  0.541573	  0.273340	 -0.370338	
1223	 31.205158	 11.277828	  8.065671	  0.118265	  0.176366	 -0.021422	
1224	 17.137342	  9.649118	  0.239832	 -0.575468	  1.005456	  0.801565	
1225	 32.041447	 22.804213	  2.454147	 -0.217714	 -0.216588	 -0.604236	
1226	 11.786551	  0.996131	 12.988487	  0.281055	 -0.909473	 -0.371591	
1227	 21.061743	 22.790201	 34.616310	  0.080052	  0.481882	  0.159105	
1228	 26.131548	 40.562492	 25.953812	 -0.208151	 -0.737113	 -1.361553	
1229	 41.105865	 27.589399	 10.884697	  0.694590	 -0.286979	 -0.369830	
1230	 18.127735	 23.437267	 37.207275	 -0.357731	  0.062756	 -0.908359	
1231	 31.794670	  6.622108	 35.811211	 -1.111174	 -0.004336	  0.064402	
1232	  3.807260	 11.379204	 17.824383	 -0.061827	  0.123217	 -0.005547	
1233	  5.368426	 45.415321	  7.446062	 -0.116081	  0.621340	 -0.482388	
1234	 19.080952	 35.817326	 41.007530	 -0.644057	  0.341218	  0.014952	
1235	  6.639361	 33.774029	 19.318771	  0.360121	  0.083291	  0.235092	
1236	 29.551311	 15.794946	 31.477882	  0.580100	  0.517270	 -0.122605	
1237	 44.497066	 42.303310	  0.096099	 -0.246014	  0.321723	  0.333203	
1238	  9.208508	 21.181780	 22.509279	  0.109761	  0.600457	 -0.120542	
1239	 24.659580	  6.142916	 18.737644	  0.402109	 -0.932208	 -0.235279	
1240	 46.805149	 38.993076	  3.491458	  0.437937	 -0.606347	  0.020410	
1241	 18.104195	 35.912907	 15.652569	 -0.148477	  0.171363	 -0.308759	
1242	  9.770315	 30.364511	 40.083141	  0.204616	  0.597109	  0.333192	
1243	  7.252072	  9.121983	 17.278536	  0.725853	 -0.260171	  0.062444	
1244	 47.919880	 23.708221	  9.761508	  0.519757	 -0.035738	  0.206054	
1245	 26.138880	  3.238414	  2.128039	 -1.260910	 -0.024012	  0.227287	
1246	 28.345446	 34.688519	  0.945151	 -0.181855	  0.232696	 -0.576742	
1247	 14.013741	 38.563400	 12.165401	 -0.735192	  0.210125	 -0.400362	
1248	 38.083801	  9.534006	  5.097395	  0.305497	  0.279240	 -0.479779	
1249	 29.371426	 43.899776	 46.392437	 -0.050633	  0.561433	 -0.401795	
1250	 43.108128	 33.469093	 20.303415	 -0.272062	 -0.827963	 -0.173296	
1251	 26.504707	 11.235657	 11.298533	 -1.090304	 -0.453042	  0.034221	
1252	 35.520397	  1.642406	 30.225822	 -0.077424	 -0.037962	 -1.068409	
1253	 31.776499	  9.277433	 33.470230	  0.612493	  0.555000	 -0.264465	
1254	 13.271925	 22.370697	 11.304522	  1.079282	 -0.488513	 -0.466073	
1255	 37.178047	 39.643417	 12.583971	  0.796106	  0.472978	  0.365428	
1256	 47.983223	 35.500923	 47.346107	  0.468138	 -0.050174	  0.408416	
1257	  4.625773	 43.826332	 23.613977	 -0.370922	  0.634333	 -0.787784	
1258	 40.705578	 39.422600	 43.897449	  0.221791	 -0.652188	  0.192043	
1259	 27.011196	 29.617229	 34.692783	 -0.366187	  0.537345	  1.020091	
1260	 10.192971	 29.995035	  2.986401	  0.588832	  0.150221	 -1.059272	
1261	 18.184061	 31.746544	 16.266447	 -0.242727	 -0.786236	 -0.075589	
1262	  6.531584	 31.824001	 35.879971	 -0.434959	 -1.566702	 -0.498154	
1263	  5.111643	 47.389999	 28.458931	 -0.093120	  0.637437	  1.568561	
1264	 12.569739	  1.987892	 44.440914	  1.191013	 -0.492531	 -0.443800	
1265	 22.682514	 36.395412	 40.942944	 -0.712409	  0.267826	  0.387557	
1266	 28.399719	  0.757506	 10.844965	 -0.887473	  0.337994	 -0.564105	
1267	 10.407982	  4.495575	  5.759541	 -0.201597	 -0.266468	 -0.266188	
1268	 47.317863	  0.673658	 46.469082	  0.056321	  0.910461	  0.409741	
1269	 11.992681	  9.328283	 25.496330	 -0.204591	  0.282324	  0.136841	
1270	 30.368179	  3.508066	  4.679886	  0.541644	  0.230750	 -0.808317	
1271	 42.787979	 44.118225	 43.484356	 -0.789123	 -0.226432	 -0.272644	
1272	 31.990555	 37.256668	  6.407077	 -0.170700	 -0.607984	 -0.679918	
1273	 44.151558	  2.375471	 20.057465	  0.119357	  0.136801	 -0.025512	
1274	 34.947380	 42.526863	 22.875587	  0.764854	 -0.451710	 -0.769888	
1275	 21.581169	 44.886307	 15.539742	  0.594665	  0.531526	  0.500547	
1276	 36.762680	 27.653465	 11.033026	 -0.208242	 -0.828587	 -0.519692	
1277	 32.866413	  6.717152	  6.083316	  0.522265	 -1.079536	 -0.994774	
1278	 14.189798	  8.842474	 26.497932	 -0.095703	 -0.057945	 -0.173303	
1279	 22.846706	  2.948763	 28.169086	  0.196860	  0.824162	  0.401267	
1280	 27.155079	  5.984744	 26.091785	  1.238172	  0.870576	 -0.282097	
1281	 26.106283	  3.750571	 22.261459	 -0.091280	  0.160108	 -0.100559	
1282	 17.279030	 22.179493	 13.950510	 -0.055298	  0.048797	  1.177680	
1283	 32.246380	 39.766533	 34.625828	  0.501730	  1.018847	  0.033858	
1284	  5.511227	 47.713020	 10.690581	 -0.518652	 -0.289593	  0.145957	
1285	  9.988578	 19.997025	 47.973331	  0.253815	  1.181597	  0.057775	
1286	 15.933004	 32.179680	 46.379803	  0.165718	 -0.598128	  0.627560	
1287	 38.451889	 19.684832	 42.822815	 -0.163062	 -0.466737	 -0.313426	
1288	 39.173050	 44.607162	 11.362712	  0.147845	  0.217571	 -0.175087	
1289	 44.029339	 23.285379	 32.892422	  0.150196	  0.980026	 -0.336349	
1290	  1.296607	 26.254585	 46.569756	  0.164313	  0.459059	  0.287623	
1291	 11.374171	  8.679931	 17.123634	 -0.456172	  0.002913	  1.085715	
1292	 38.277294	 23.733114	 33.928696	  0.439724	 -0.198800	  0.173232	
1293	 14.331724	 26.835382	 26.214190	 -0.753938	 -0.715709	 -0.806910	
1294	 11.506804	 20.681093	 43.133537	  0.636502	  0.867019	 -0.369011	
1295	 21.870758	 40.129337	 35.731701	  0.206240	 -0.219834	 -0.054470	
1296	 25.825191	 33.579674	 32.398655	  0.782538	  0.093052	  0.414099	
1297	 10.460759	 17.326241	 13.695489	  1.140506	  0.703625	  0.711441	
1298	 32.020630	 37.616245	 44.728794	 -0.036110	  0.161371	  0.470409	
1299	 10.193794	 23.438417	 16.108557	 -0.574869	 -0.217708	  0.419795	
1300	 26.185516	 23.809042	  2.716690	  0.364483	  0.350489	 -0.160339	
1301	 31.831091	 28.174238	  5.795559	 -0.457227	 -0.000155	  0.145772	
1302	 27.063745	  2.060784	  8.891873	  0.020678	 -1.337122	 -0.956795	
1303	 39.870289	 16.939367	 36.904343	 -0.505427	 -0.217631	  0.782901	
1304	 18.985289	 14.964018	 43.487572	  1.241817	 -0.914993	  0.054870	
1305	 38.750080	 13.333169	 47.617130	 -0.461249	  0.064955	 -0.085599	
1306	 10.553047	 44.210114	 33.307465	 -0.172473	  0.861363	  1.074524	
1307	  2.426420	 27.349207	 41.629406	  0.393835	 -0.565512	 -0.140961	
1308	 44.113754	 30.280464	 11.988224	 -0.065801	 -0.164363	 -0.020983	
1309	 23.190647	 23.347355	 30.998489	  0.345104	  0.571141	 -0.472875	
1310	 26.273321	 25.613638	 29.440445	  0.612017	 -0.076822	  1.094093	
1311	 42.015209	 45.057613	 16.529724	 -0.125519	  0.421648	 -0.111643	
1312	 44.959023	  2.873670	 20.104425	 -1.199888	 -0.679939	 -0.049670	
1313	 43.670040	 38.043934	 40.415947	 -0.573378	 -0.242427	 -0.480463	
1314	 42.007133	 18.239922	 33.252640	 -0.142479	  0.614206	  0.176600	
1315	 10.442060	 20.092289	 45.949108	  0.454719	 -0.895217	  1.211921	
1316	 25.335342	  7.694995	 45.176029	  0.523286	  0.646533	  1.593207	
1317	 42.948219	 36.226078	 38.552380	 -0.394065	  0.019794	  1.370565	
1318	 31.880131	 17.679985	  3.281505	 -1.310989	  0.320842	 -0.020894	
1319	 43.178677	 46.831032	 42.468025	 -0.077442	 -0.554234	 -0.809276	
1320	 15.007922	 47.575428	 41.200947	  0.253825	 -0.146093	  0.463607	
1321	 38.502998	 22.158096	 47.995392	 -0.141497	  0.465550	  0.098733	
1322	 22.092714	  0.660781	 16.654285	  0.220329	  0.968240	 -0.344457	
1323	  5.965656	 34.241211	 35.792461	 -0.346997	 -0.120143	  0.665631	
1324	 39.081928	 15.746928	 28.089197	  0.176691	  0.265473	  0.390706	
1325	 21.660429	 21.528669	 41.326378	 -0.071890	  0.262262	  0.517869	
1326	 46.395611	 12.069157	 24.901608	 -0.179404	 -0.203360	  1.098487	
1327	 27.913084	 10.284428	 45.891880	 -0.499618	  0.857879	 -0.162295	
1328	 25.036091	 17.533676	  5.687119	 -0.635228	 -0.796992	  0.693673	
1329	 47.489990	 37.809689	 42.064560	 -0.304006	  0.697958	  0.273489	
1330	 25.775671	  4.692869	  1.385243	  0.744963	 -0.594566	  0.355629	
1331	 44.853699	 33.338219	 17.561640	 -0.026288	  0.468238	 -0.505950	
1332	 22.772423	 17.834127	 24.116716	 -0.206057	 -0.578445	  0.906049	
1333	  0.946368	 23.043884	  8.572931	  0.447048	  1.034326	  0.080542	
1334	 16.861967	  8.776649	 32.535633	  0.224769	  0.900614	 -0.051246	
1335	 25.869963	 19.797615	 29.653450	 -0.736139	  0.498986	 -0.242691	
1336	 15.289304	 43.433002	 16.265720	  1.237042	  0.899420	 -0.289165	
1337	 35.827301	 43.092155	  3.628646	 -0.132877	  0.805681	  0.033341	
1338	 16.609730	  2.812985	 28.807999	  0.157794	 -0.387402	  0.334344	
1339	 40.113354	 18.869774	 41.943062	 -0.179880	  0.065885	  0.379607	
1340	 22.614025	 38.057159	 39.379745	 -0.161816	 -0.621550	  0.441018	
1341	 43.836658	 14.424360	 21.452703	 -1.178751	 -0.371023	 -0.482700	
1342	  0.956401	 27.162029	 26.263884	 -0.063345	 -1.100545	  0.597031	
1343	 21.071568	 27.682751	 39.752750	  0.455199	  0.863097	 -0.119510	
1344	 43.987808	  5.044320	 11.222580	  0.690073	 -0.950385	  0.892682	
1345	 33.263245	  4.937361	 21.334803	 -0.374676	 -0.777250	  0.615481	
1346	  5.403326	 44.513931	  2.056321	  0.406451	  1.132774	 -0.224953	
1347	 47.189213	  2.688202	 44.454807	 -0.221583	 -0.064834	 -0.820375	
1348	  0.358468	  8.801603	 34.053024	 -0.132045	  0.887825	  0.478342	
1349	  7.560867	 44.855019	 26.094400	  0.333809	  1.100824	  0.538959	
1350	 22.932552	 39.135296	 14.347933	 -0.533387	  0.308171	  0.113065	
1351	 45.229527	 41.620304	 33.469677	  0.717834	  0.011311	  0.063019	
1352	 45.822544	 30.071869	 13.944754	  0.432993	 -0.813559	  0.139848	
1353	 37.906769	  6.669445	  9.219236	 -0.082322	 -0.102311	 -0.518064	
1354	  6.592371	 18.062958	 14.302896	  0.309302	 -0.872039	 -0.357777	
1355	 21.629225	 23.009434	 19.345371	 -0.069407	  0.038876	 -1.046209	
1356	  3.683700	 10.202759	 20.115765	  0.846244	 -0.376429	  0.525295	
1357	 23.542780	 14.541388	 22.138351	  0.083631	  0.989856	  0.056817	
1358	 32.746876	 23.595901	 19.305584	  0.160786	 -0.010317	  0.437917	
1359	 23.421928	 13.210234	  1.199062	 -0.557513	 -0.441893	  1.034918	
1360	 47.428135	 23.833328	  7.878062	 -0.590271	  0.180364	 -0.304263	
1361	  1.724187	  5.942334	 12.690754	 -1.719119	 -0.113287	 -0.359154	
1362	  2.313668	 42.206665	 31.108955	  0.270853	 -1.412273	  0.510409	
1363	 22.727589	 32.190094	  5.594248	 -0.746639	 -0.900972	  0.066684	
1364	  3.177661	 39.670006	 33.720352	  0.406885	 -0.544487	  0.112818	
1365	 28.534258	  8.437719	 30.750124	 -0.026480	  0.049889	 -0.840959	
1366	 31.542437	 17.916317	 35.507393	  0.001547	 -0.159188	 -0.310670	
1367	 11.801022	 46.893936	 25.546009	  0.584002	  0.008560	 -0.604257	
1368	 11.707522	 38.185917	 27.923937	 -0.470597	 -0.463420	  0.355545	
1369	 17.340967	  8.370129	 15.878481	  0.412295	 -0.674555	 -0.316061	
1370	  4.873580	  7.545408	 29.295679	  0.426928	 -0.767469	  0.029061	
1371	 29.911306	 36.961636	 12.296114	  0.011309	 -0.671788	 -0.818272	
1372	 26.465458	 31.863537	  4.882582	  0.394051	  0.096067	 -0.288941	
1373	 40.253265	 26.197048	 43.149754	 -0.490804	 -0.726167	 -0.029378	
1374	  4.317166	 43.980095	 15.842897	  0.471777	  1.092099	 -0.526122	
1375	  7.092990	 26.448856	 21.249754	 -0.755618	  0.505699	  0.086967	
1376	 25.415245	 21.630272	 31.993704	  0.047325	  0.319166	  0.156482	
1377	 14.757671	 34.195488	 30.942295	 -0.472682	 -0.574070	  0.240764	
1378	 25.879803	 27.813086	 20.267166	 -0.087694	 -0.020167	 -0.461946	
1379	 20.193258	 42.849155	 13.926910	  0.509457	 -0.171939	 -0.230280	
1380	 27.079752	 37.406914	  8.902714	 -0.184853	 -0.266787	  0.152951	
1381	 18.892069	  6.537654	 46.956490	  0.374666	  0.506267	 -0.499586	
1382	 25.645639	 32.993107	 12.505974	  0.053740	 -0.392873	 -0.433711	
1383	 36.541233	 27.605556	 22.029591	 -0.683931	  0.320380	 -0.152590	
1384	 43.920139	  8.224340	 25.437252	  1.231794	 -0.545647	  0.596698	
1385	 20.055370	 47.512646	 19.000858	 -0.171605	  0.124060	  0.370036	
1386	 22.117313	 46.826954	 22.350416	 -0.439535	  0.061593	  0.858774	
1387	 45.803036	  9.902797	 25.735085	 -0.730868	 -0.104025	 -0.171667	
1388	  4.497833	 27.195158	 42.456547	 -0.059814	  0.440373	 -0.095284	
1389	  1.219598	 26.340845	 12.893267	 -0.336121	  0.419289	 -0.159433	
1390	  6.684465	 43.535469	 36.516949	  0.147481	  0.322344	 -0.137686	
1391	 18.953741	  2.465245	 37.626591	  0.594181	 -0.478024	  0.896244	
1392	 14.255816	 30.978329	 10.022756	  0.559359	 -0.363263	  0.779485	
1393	  1.448098	 27.090733	 46.177032	 -0.707887	  0.056296	 -0.752904	
1394	 17.661865	  4.152961	 29.549355	  0.254254	  0.128646	  0.924382	
1395	 39.692112	 47.328175	 13.180864	  0.115923	  0.745592	 -1.188834	
1396	 29.934704	 30.580902	 31.636366	 -0.793804	 -0.057278	  0.447952	
1397	  7.854307	 45.213062	 30.911625	  0.099958	  0.329917	  0.843787	
1398	 23.622919	 42.637436	 27.701078	  0.134244	 -0.174656	 -1.271131	
1399	 29.017544	 43.661480	  2.890162	 -0.124159	 -0.891610	  0.067755	
1400	  7.005121	 12.573404	 40.422909	  0.640387	  0.751393	 -0.950100	
1401	 28.447533	  0.988370	  8.761839	 -0.304451	 -0.644216	  0.073428	
1402	 30.768658	 27.373665	  8.920451	 -0.550176	 -0.160004	  0.813516	
1403	 34.322620	 29.118925	 21.599529	 -0.496803	  0.067361	  0.300090	
1404	 14.888515	 38.098938	 39.035637	 -0.622040	  0.701919	 -0.327514	
1405	 46.970322	 44.510651	  3.746675	  0.463823	  0.194510	  0.035419	
1406	 23.688019	 15.999199	 12.447346	  0.249354	 -0.570106	  0.095380	
1407	 19.296671	 44.027100	 15.323796	  0.695551	  0.247755	  0.161890	
1408	 10.648255	 15.082209	 20.587349	  1.054095	 -0.731560	  0.385338	
1409	 42.141281	  3.240264	 41.993782	  0.348999	  0.118774	 -0.929566	
1410	 35.087925	 15.271999	 47.669876	 -0.314861	  0.449409	 -0.428847	
1411	 18.322422	  8.643385	 17.091385	 -0.047536	  0.200123	  0.427827	
1412	 29.122175	  2.065368	 20.323542	 -0.027325	 -0.712457	  0.703473	
1413	 30.482729	 10.261609	 27.431143	 -0.573933	  0.000075	  0.805559	
1414	  5.725744	 44.803581	 15.489864	 -0.199389	 -0.693025	 -0.612431	
1415	  1.076912	 38.376415	  5.301726	  0.617480	 -0.178730	 -0.035449	
1416	 44.165428	 28.638300	  1.270633	  0.409248	  0.007915	 -0.502844	
1417	 45.651897	 24.515879	 40.456749	  0.434084	 -0.285099	 -0.421463	
1418	 37.960453	 35.633537	  7.621732	  0.282300	  0.838242	 -0.908894	
1419	  7.565352	 33.023701	 46.287571	  0.428742	  1.125134	 -0.228719	
1420	  7.546922	  7.357262	 21.387676	 -1.129781	  0.575797	 -0.875013	
1421	 40.805405	 33.338490	 35.449352	  0.802990	  0.215761	 -0.251200	
1422	 24.022591	  4.408402	 24.430626	  0.265262	 -0.373173	 -0.727835	
1423	 39.885567	 45.433582	 16.417816	  0.646348	  0.138827	 -0.993828	
1424	 19.289864	 47.183159	 43.000080	 -0.136492	  0.192947	  0.083459	
1425	 39.887012	 11.929723	  6.105154	  0.304217	 -0.051002	  0.103012	
1426	 45.798420	 17.648609	 10.631641	 -0.439679	  0.553687	 -0.246710	
1427	 11.956508	  8.990019	 10.876169	  0.355086	 -1.173995	 -0.789388	
1428	  7.280773	 39.469791	  5.578212	  0.527936	 -0.716637	 -0.969267	
1429	 25.804035	  9.017828	 16.815804	 -0.180208	 -0.486502	  0.160249	
1430	 20.305180	 12.657160	  9.142361	  0.541259	 -0.747853	  0.222461	
1431	  5.834358	 23.114655	 45.708900	 -0.131481	 -0.698988	 -0.392563	
1432	 22.234840	 12.618671	 24.220848	 -0.306465	 -0.583944	 -0.408974	
1433	 48.001591	 15.045099	 31.270344	  0.760583	 -0.064237	 -0.628630	
1434	  6.511443	 43.512001	  4.491367	  0.100834	 -1.037326	  0.628156	
1435	  7.407545	 18.595621	 21.581968	 -0.133982	  0.422695	  0.727344	
1436	 25.533966	 34.265808	 46.111523	 -0.320381	 -0.504868	 -0.977496	
1437	 30.047686	  0.972392	 24.324175	 -0.983172	 -0.709613	  0.671671	
1438	 28.469687	  4.315137	 30.734724	 -0.126244	  0.143384	  0.404384	
1439	 15.890745	 36.485252	 44.465527	  0.265359	  1.126275	  0.253004	
1440	 27.168835	 31.959530	 35.646191	 -0.286734	  0.124251	  0.948954	
1441	  9.458122	 45.707237	 46.953739	  1.121698	 -0.580738	  0.385624	
1442	  1.999017	  8.752083	 40.566868	 -1.148884	 -1.154098	  0.064942	
1443	 39.128799	 18.583254	 10.958335	 -0.285472	 -0.278216	 -0.423717	
1444	 46.357430	  4.373270	 10.418789	  0.260184	  0.359138	 -0.546480	
1445	  7.034205	 43.838829	 27.222404	 -0.270054	  0.606576	  0.126025	
1446	 20.376806	 10.999325	 12.381142	  0.518309	 -0.508532	 -0.617054	
1447	 13.851836	  0.214197	 19.884108	  0.622601	 -0.735800	  0.056204	
1448	 36.909698	 43.332569	  3.955045	 -0.094477	 -0.081600	  0.303307	
1449	 47.513676	 23.759172	  4.465629	  0.954475	  0.075272	 -0.939776	
1450	  9.382311	 29.513733	 41.372887	 -1.298340	 -0.004930	 -0.389966	
1451	 36.614613	 45.149670	 20.554333	  0.333320	 -0.178932	  0.426941	
1452	 31.630951	 21.195986	 13.482087	 -0.681978	 -0.627585	 -0.449600	
1453	 38.587269	 10.375093	  4.397738	 -0.044376	  0.669577	 -0.874022	
1454	 15.746752	 47.610107	 45.231220	  0.429744	 -0.750332	  0.480740	
1455	 47.168976	 25.519814	 32.101521	 -0.634777	 -1.329900	  1.022936	
1456	 31.031757	 15.880392	 27.153816	 -0.008790	  0.559709	 -0.481883	
1457	 36.852058	 44.832157	 15.862230	 -0.433866	  0.166156	  0.718268	
1458	 15.257788	 43.652519	 23.174768	  0.290436	 -0.010199	 -0.974085	
1459	 42.689400	 12.618235	  9.005901	 -1.209573	  0.271391	 -1.273046	
1460	 20.912256	  9.225882	 33.336239	  0.196688	 -0.953516	  0.228301	
1461	 14.111300	 14.862280	  7.008451	  0.948157	  0.132128	 -0.670125	
1462	 20.568035	  1.194317	 17.416735	 -0.377336	  0.696728	  0.375087	
1463	 29.650650	  4.970803	 17.185535	 -0.023023	 -0.524903	 -0.404654	
1464	 40.827774	 29.576952	 38.620144	  1.090044	  0.199428	  0.102210	
1465	  7.715012	 41.192234	  4.126772	  0.488242	 -0.573566	 -0.078804	
1466	 17.709042	 22.239702	  6.800884	  0.368844	 -0.319589	 -0.069292	
1467	 37.576859	 26.422264	 19.928926	  0.666153	 -0.231612	  0.464814	
1468	  2.200737	  3.811226	  9.851762	  0.102118	 -0.916779	  0.121684	
1469	 30.538153	 39.240986	 38.044113	  0.967002	 -0.030417	  0.252948	
1470	 12.536711	 20.221895	 40.234325	  0.645106	  0.055518	  0.732927	
1471	  6.138008	 35.135380	 24.704691	  0.385500	 -0.190235	 -0.683098	
1472	 37.489483	  8.967133	 11.617292	  0.076090	  0.214115	  1.249106	
1473	 21.727188	 38.425518	  1.682899	 -0.393287	  0.701385	 -0.093458	
1474	 45.964878	 42.230770	 14.640939	  0.420654	 -1.520062	 -0.431679	
1475	 31.511286	 17.374506	 30.983006	 -0.465884	 -0.310931	 -0.908756	
1476	 33.750534	 43.259308	  5.181906	 -0.028298	  0.608064	  0.549259	
1477	 28.718596	 30.466759	 35.021938	 -0.111150	 -0.623560	 -0.290864	
1478	 46.609520	  6.685915	 35.743732	 -0.794530	  0.491663	  0.898543	
1479	 28.922146	 42.336769	  0.295653	  0.323828	 -0.202505	 -0.067562	
1480	  3.486141	  2.015188	 14.059314	 -0.594128	  0.447009	  0.335842	
1481	 39.849682	 38.059303	 39.197468	 -0.101169	 -0.248895	 -0.010297	
1482	 37.884296	 20.465588	 33.996777	 -0.062345	  0.275876	  0.171876	
1483	 40.744339	 11.502279	 22.696308	  0.301975	 -0.934749	  0.187228	
1484	 21.692501	 31.871534	 11.497658	 -1.052911	  0.520032	  0.577606	
1485	  2.142868	 36.239319	 31.471678	 -0.242850	 -0.875414	 -0.382857	
1486	 14.744646	  5.355424	  9.663341	  0.075489	  0.465206	 -0.601826	
1487	 21.913855	 46.725372	 13.141686	  0.095304	  0.488446	  0.314905	
1488	 11.284933	 29.204142	 16.471659	  0.014929	 -0.036725	  0.348945	
1489	 42.426933	 42.623436	  1.989212	 -0.574664	  0.271035	  1.111941	
1490	 40.899673	 12.482651	 36.849930	 -0.491212	 -0.429893	 -1.103574	
1491	 42.596745	 36.778339	 36.385220	  0.524577	  1.027860	 -0.489118	
1492	 22.705395	 43.189255	 44.431023	  0.019835	  0.136461	  0.890531	
1493	 32.966293	 13.930804	 36.378731	 -0.758464	  0.686641	 -0.703035	
1494	 37.444256	 24.948713	 31.187922	  0.254123	  0.193300	  0.300684	
1495	  6.776515	  9.372829	 43.461044	 -1.731908	 -0.512120	  0.140725	
1496	 32.234333	 21.686581	  0.259339	 -1.267046	  0.094034	 -0.355476	
1497	 18.782585	  4.522495	 13.848619	 -1.027915	  0.003403	 -0.029854	
1498	 12.564285	  9.183752	 46.558186	 -0.245289	  0.404134	  0.588023	
1499	  2.546798	 25.629501	  9.817326	  0.164764	  0.315464	  0.232500	
1500	 17.086769	  1.873066	 39.161331	 -0.264612	 -1.193656	  0.177204	
1501	  1.317570	 21.643970	  0.623095	 -0.114473	  0.173866	  0.194574	
1502	 17.620161	 15.064144	  6.792178	 -1.297610	 -0.347235	  0.867813	
1503	 33.573772	  5.073940	 43.391857	  0.411624	  0.920555	  1.196085	
1504	  0.029583	 34.852829	 39.271782	 -0.338610	 -0.489584	 -0.097170	
1505	 30.221693	 22.070536	 25.104603	 -0.227985	 -0.417586	  0.286151	
1506	 20.408325	 41.916290	 16.853642	  0.821051	  0.081786	 -0.146969	
1507	  5.428658	 33.533764	 13.798889	 -0.814501	  0.550878	 -0.372051	
1508	 22.552340	 17.028332	 36.258080	 -0.320158	  1.410131	  0.702084	
1509	 11.794393	  6.209726	 20.714731	  1.743943	  0.616012	  0.092704	
1510	  3.260807	 37.121017	 30.169102	 -0.905769	  0.874179	  0.011661	
1511	 12.431595	 24.845963	 28.117765	 -0.215072	 -0.037405	  0.343681	
1512	 17.339453	 35.494274	  4.893837	 -0.143368	  0.251991	 -0.171725	
1513	 11.253304	  5.841937	 33.183254	  0.629786	  0.059478	 -0.370694	
1514	 13.953353	 36.429054	 13.420418	 -0.274188	 -0.231207	 -1.154273	
1515	 22.895136	 40.185333	 46.099072	  0.867038	  0.799149	 -0.369345	
1516	 16.710985	 18.304461	 27.994349	  0.422202	  0.440626	  0.377068	
1517	 14.701731	 47.687077	 27.511103	 -0.000853	  0.192184	 -1.436835	
1518	 44.023739	 19.056967	 16.438578	 -1.215098	  0.497665	 -0.735207	
1519	 28.825264	 16.457424	 29.885355	  0.885530	 -0.252006	 -0.570130	
1520	 46.260635	 15.465945	 45.693787	  0.353274	 -1.013688	 -0.548360	
1521	  6.974933	 38.131908	 31.055901	  0.880852	 -0.128507	  0.037360	
1522	 15.243197	 19.851177	  8.361308	  0.228733	  0.049655	 -0.184081	
1523	  7.849428	 45.635128	 32.985832	  0.186369	 -0.117300	  0.185240	
1524	 31.639538	 20.196054	 32.876209	  1.418263	  0.714836	  0.492942	
1525	 38.039558	 17.084135	 21.382502	 -0.078067	 -0.021572	  1.170739	
1526	 16.458378	 21.416317	 43.690804	 -0.039258	 -0.524512	 -0.638423	
1527	 20.423489	 33.407673	 32.813786	  0.449038	 -0.379060	  0.851639	
1528	  0.563031	 38.611626	 43.701595	  0.880896	  0.034451	 -0.132250	
1529	 29.433376	 25.429478	 44.417450	 -0.434903	 -0.091204	 -0.548670	
1530	 19.939945	 17.841852	 12.298502	 -1.280165	 -0.289267	 -0.076488	
1531	 34.082123	 37.614395	 26.477024	  1.646473	 -0.048922	  0.422958	
1532	 15.894955	 20.515041	 47.213207	  0.845821	 -0.281896	 -0.651871	
1533	  2.092183	 42.679218	 33.138306	  0.320429	 -0.574929	 -0.381788	
1534	  9.700206	 24.710033	 33.468784	 -0.585302	  0.341261	 -0.724725	
1535	 18.512991	  4.751428	 19.129436	  0.392127	 -1.285486	  0.707262	
1536	 30.395483	  3.509119	  9.979704	 -0.417603	 -0.422165	 -0.911874	
1537	 40.545452	 19.824308	 27.613348	 -0.112584	  0.492650	 -0.644912	
1538	 44.181263	 16.123409	  5.149909	 -0.442696	  0.832112	  0.730913	
1539	 47.466713	 14.731192	 36.674179	  1.084675	  0.534859	  0.567654	
1540	  4.994778	 36.546619	 47.750481	  0.016581	 -0.423115	 -0.154252	
1541	  0.534266	 22.919920	 34.338657	  0.433259	  0.005666	  1.102947	
1542	  1.103390	 41.507053	 44.866779	  0.890370	 -0.100429	 -0.100902	
1543	 41.425404	 35.744232	 39.241577	 -1.007381	  0.250278	 -0.831826	
1544	 46.230373	 18.278290	 41.213345	 -0.701994	 -0.255834	  0.254428	
1545	 18.744339	 28.341093	 11.791116	 -0.862897	 -0.554102	  0.348747	
1546	 20.902716	  5.918299	 38.701038	  0.781697	 -0.103017	 -0.641498	
1547	  2.897976	 41.658764	 22.728939	  0.001937	  0.411724	  0.048057	
1548	  3.600228	 44.562347	 33.211411	  0.993995	  0.041917	 -0.889034	
1549	 36.290108	 39.019356	 24.585596	 -0.033564	  0.305237	  0.307526	
1550	 15.496117	 43.286125	  7.166612	 -0.433393	 -0.552402	 -0.362811	
1551	 23.364607	 22.924217	 43.080395	  0.394563	  0.094582	  0.356861	
1552	 15.817669	 22.689476	  6.787606	 -0.754121	  0.421606	 -0.426260	
1553	  0.148255	 14.268450	 15.241534	 -0.762624	  0.701166	 -0.939264	
1554	 10.995327	  4.897314	 46.079651	  0.061739	  1.238219	 -0.035199	
1555	 26.333153	 38.883236	 16.393661	 -0.176220	  0.045672	 -0.375191	
1556	 31.288086	 43.032852	  6.620353	 -0.289954	 -0.691324	  0.102940	
1557	 33.963535	 32.741985	 38.550327	 -0.763518	 -1.004676	  0.087708	
1558	 36.610474	  4.358746	 17.382223	 -0.012358	 -1.145690	  0.268031	
1559	 14.934158	  0.508378	 40.074505	 -0.577763	  0.500577	 -0.186132	
1560	 42.879704	 22.981867	 47.272678	  0.338710	  0.088727	 -0.952530	
1561	  4.574718	 30.440205	 22.850779	  0.254319	 -0.028199	 -0.539566	
1562	 45.785049	 41.954788	 34.531757	  0.581754	  0.612583	  0.346410	
1563	 34.991837	 17.752617	 31.505884	  0.104416	 -0.590535	  0.376987	
1564	 43.986725	 43.122536	 29.670887	 -0.910940	  0.937487	  0.629933	
1565	 40.291119	 22.971666	  3.537386	  0.335232	  0.940194	 -0.197043	
1566	  5.938560	 24.969820	 17.484467	 -0.006004	 -0.169406	  0.067234	
1567	 27.928816	 45.807503	 18.595560	  0.238644	 -0.253199	 -0.121475	
1568	 14.718740	 35.968235	 28.000813	  0.337462	 -0.537505	 -0.096016	
1569	 39.424667	  7.424840	 23.706467	 -0.178996	  0.986107	  0.497945	
1570	 10.709692	  5.009792	 24.746132	 -0.085094	 -0.173858	 -1.062700	
1571	 34.085777	 23.316513	 18.996563	  0.784642	  0.106391	  0.233262	
1572	 46.022781	  2.269962	 33.581635	 -0.773204	  1.090169	 -0.795221	
1573	  4.222380	  8.208219	 14.404547	 -0.954257	  0.239520	  1.048953	
1574	 20.194372	 47.956615	  3.805139	 -0.033800	 -0.529843	  0.712262	
1575	 46.409447	 39.626503	  3.444647	  0.350477	 -0.547175	  0.503975	
1576	 33.142288	  6.169128	 23.185028	 -0.444956	  0.736646	  0.691957	
1577	 15.432547	  6.763234	 17.082180	 -0.887498	 -0.132528	 -0.265469	
1578	 19.194664	 43.148083	  7.736453	  0.605337	 -0.408997	 -0.155155	
1579	 42.853931	 27.883678	 23.768061	 -0.312292	  0.099419	 -0.806622	
1580	 29.086920	 17.439526	 42.146412	  0.703192	 -0.315048	  0.158871	
1581	 40.328979	 10.145260	  9.771916	 -0.236737	 -0.090292	 -0.254309	
1582	  0.784196	  0.784587	 37.707230	 -1.321971	  0.063319	  0.123260	
1583	 28.768940	  1.689790	 40.105778	 -1.188004	  0.353183	  0.301197	
1584	 40.438778	 33.831032	  7.336743	  0.280958	  0.457720	 -0.483379	
1585	 43.815269	 20.287195	  9.637222	 -0.449526	  0.712860	  1.156200	
1586	 26.551062	 16.761448	 15.974530	 -0.197818	 -1.093762	  0.598084	
1587	  6.458534	 21.811815	 45.604828	 -0.492454	 -0.615772	 -0.475940	
1588	 19.746262	 31.070213	 34.692116	 -0.705831	 -0.486687	 -0.580294	
1589	  8.326408	 36.065624	 39.220688	  0.077959	 -0.425263	 -0.905311	
1590	 41.968449	  9.681718	 43.749928	  0.477832	  0.120728	 -0.288329	
1591	  7.529813	 30.569921	 28.682978	 -0.591100	  0.047644	  0.892289	
1592	  6.389684	 42.153374	 40.487766	  0.906111	  0.504423	  0.235985	
1593	 29.311247	 40.389149	 11.636449	 -1.002694	  0.015478	  0.081908	
1594	 29.617113	 11.236592	 16.769539	  0.708007	  0.256897	 -0.462424	
1595	 29.111219	 46.295025	 47.312485	 -0.349638	  0.253447	 -0.051815	
1596	  0.230929	 38.542023	 17.569603	  0.525499	  0.328063	 -0.326756	
1597	 44.318291	 24.979996	  5.412739	  0.694031	  0.721310	 -0.243861	
1598	 37.468498	 12.377054	 10.637159	 -0.137209	 -0.179304	  0.857374	
1599	 29.120466	  2.121817	 43.735458	 -0.192543	 -0.236326	 -0.034350	
1600	 34.660492	 18.852535	 15.688720	  0.120560	 -0.049750	 -0.898257	
1601	 24.605673	 19.471130	 13.329761	 -0.008299	  0.458965	 -0.753302	
1602	 41.134094	 43.513897	 17.191149	  0.749177	  0.020281	  0.461460	
1603	 14.766045	 30.432274	 25.584003	  0.858537	 -0.336736	  0.680178	
1604	 20.847841	 11.134406	 19.327646	  0.262054	 -0.246170	  1.217548	
1605	 12.636348	 29.121799	 34.504417	  0.834988	 -0.642514	  0.138686	
1606	 38.074585	 12.548754	 31.613461	  0.810606	  0.569870	 -0.427602	
1607	 46.891319	  6.701233	 24.220570	  0.474660	  0.344325	 -0.396357	
1608	 30.334311	 15.912633	 30.825846	  0.478731	 -1.426264	  0.729318	
1609	 30.623350	 42.967327	 23.037178	 -0.016694	  1.202068	 -0.334910	
1610	 29.734810	 10.220959	 26.748917	  0.497713	 -0.249606	  0.830649	
1611	 47.423317	 20.223558	  6.807501	 -0.986495	  0.181026	 -0.432930	
1612	 36.377148	  1.344248	 28.315140	  0.382841	 -0.302335	 -1.776763	
1613	  4.417540	 21.719795	 15.622869	 -0.364333	 -0.937001	  0.328202	
1614	 21.323866	 45.253048	  8.399804	 -0.136956	 -0.422182	  0.682002	
1615	 44.480663	 11.765055	 10.949280	  0.818717	 -1.104326	  1.218571	
1616	 28.433538	  4.275111	 23.704632	 -0.533550	 -0.855455	  0.739993	
1617	 39.851017	 22.006689	  2.372151	  0.272670	 -0.047103	  0.415210	
1618	 26.043068	  3.096004	 39.667156	  0.110083	  1.026615	 -0.108448	
1619	 33.498009	 15.561251	 37.674751	  0.080201	 -0.216504	 -0.203536	
1620	 28.624422	 19.745975	 30.456583	  1.144494	 -0.232619	  0.542601	
1621	 11.675220	 33.121834	 18.197416	  1.094416	 -0.212780	 -0.724260	
1622	 37.072281	 10.344065	 47.431004	 -0.448256	  0.305925	  0.497582	
1623	 21.463497	  9.665188	  4.177967	 -0.132556	  0.590296	 -0.720635	
1624	 40.912987	 25.186380	 47.786377	  0.949390	  0.644383	  0.777939	
1625	  4.954795	  8.890057	 32.121166	  0.525833	  0.441341	 -0.794953	
1626	 31.408772	 25.428883	 22.875301	 -0.231219	 -0.819489	  0.099399	
1627	 39.997643	 10.022201	 33.778873	 -0.993008	  0.674500	 -0.240036	
1628	 45.888573	 30.432758	  3.058859	 -0.254415	  0.327819	 -0.406844	
1629	 35.745121	  2.943217	 32.173893	  0.164846	  0.711249	 -1.058770	
1630	 10.743174	 37.196350	 47.462315	 -0.353924	 -0.146017	 -0.447048	
1631	 15.224233	 18.023302	  5.897907	  0.307293	 -0.298535	  0.481391	
1632	  8.570733	 17.396862	 18.731047	 -0.095632	 -0.199839	  1.227115	
1633	 13.437560	  0.024805	 21.403437	 -0.410599	  0.441669	 -0.201166	
1634	  8.642943	 12.908724	 25.692511	 -0.305884	 -0.687458	  0.295890	
1635	 24.356792	  8.710984	 22.174465	 -0.796484	 -0.521970	 -0.377252	
1636	 33.674454	 23.389891	 22.502193	 -0.373971	 -0.072160	 -0.611242	
1637	 30.750519	 27.671238	 39.705788	  0.377051	  1.175425	 -0.008326	
1638	 45.215759	 30.896021	  3.951022	  0.055692	  0.051306	 -0.030408	
1639	  3.410763	  0.672673	 41.198906	 -0.155307	  0.139178	  0.978013	
1640	 46.992359	 44.261864	 17.939726	  1.270705	 -0.402271	  0.344904	
1641	  4.012644	  8.018156	  0.349876	 -0.198073	  0.318035	 -1.070890	
1642	 33.738129	 39.344299	 20.323603	 -0.230441	  0.210558	  0.482215	
1643	  1.537479	 21.739616	 37.402565	  0.300084	 -0.013091	  0.427719	
1644	  0.334561	 41.188812	 44.035252	  0.085688	 -0.425847	  0.105799	
1645	 26.139942	 19.759344	 13.581695	 -0.968442	  0.740098	  0.522458	
1646	 19.077732	 29.686417	 15.457274	 -0.484490	  0.413451	 -0.355843	
1647	 23.102055	 44.652924	 13.750308	 -0.093384	  1.264034	  0.178467	
1648	 37.812492	 43.083851	 47.816807	 -0.606058	 -0.373390	 -0.747674	
1649	 44.246113	  3.465020	  5.791574	  0.328868	 -0.178505	  0.151799	
1650	 20.478271	 15.372044	 13.262541	 -0.541716	 -0.867459	  0.131931	
1651	 46.926628	  8.778259	 44.017826	 -1.337671	 -0.457876	 -0.206636	
1652	 17.202990	 30.143648	 16.301601	  0.063370	 -0.149047	 -0.220105	
1653	  5.071816	 40.867496	 17.893858	 -0.399163	 -0.034571	  1.042220	
1654	 10.182230	  9.028305	 41.467068	 -0.220330	  0.144558	  0.339114	
1655	 11.352841	 39.966217	 45.650764	 -0.129788	 -1.050159	 -0.208393	
1656	 23.869991	 31.537397	 27.156277	  0.105370	  0.529294	  0.168868	
1657	 27.586624	  1.075085	 10.327566	 -1.426291	  0.649637	 -0.121888	
1658	 13.932649	  0.768652	 14.180444	  1.225041	 -1.120111	  0.507243	
1659	 38.003391	 33.193871	 47.676834	  0.184366	  0.450049	  0.628126	
1660	 46.285076	  3.256758	  8.269917	  0.798541	  0.986760	  0.218458	
1661	 26.899391	 44.049953	 41.310661	 -0.593460	  0.398775	 -0.494361	
1662	 19.665546	  4.668828	 26.807858	 -0.228528	  0.757118	 -0.726357	
1663	 15.396650	 20.337578	 41.936054	 -0.739348	  0.559858	 -0.571646	
1664	 35.344105	 11.806834	 45.067017	  1.011990	  0.758636	 -0.117405	
1665	  4.099734	 31.798100	 16.908415	 -0.078675	 -0.023276	 -0.640207	
1666	 34.117172	 18.660662	 38.903614	  0.405733	 -0.250499	 -0.383276	
1667	 23.731018	  7.481999	 29.739071	 -0.745171	  0.452449	  0.099202	
1668	 45.192600	 13.710544	 43.292313	  0.199604	 -0.192969	 -0.584899	
1669	 41.298916	  0.812918	 30.903543	  0.131620	 -0.019914	 -0.993988	
1670	 32.975704	  9.362676	  9.094695	 -0.829552	  0.237065	  1.035209	
1671	  7.687407	 32.538425	 12.521979	 -0.598696	  0.784981	  0.256568	
1672	 15.622673	  1.810047	 30.041252	  0.451626	 -0.864235	  0.192923	
1673	 15.896533	  4.151471	 47.317852	  0.236963	  0.564106	  0.171804	
1674	 17.810856	 44.325554	 39.104347	 -0.416621	 -0.707844	 -1.063807	
1675	 16.823977	 25.904297	 34.362545	  0.052888	  0.302946	 -0.302327	
1676	 15.298435	  8.326065	 17.386255	 -0.910561	 -0.104154	  0.246700	
1677	 33.218468	  8.068903	 20.992464	 -0.144140	  0.081774	  0.357169	
1678	 26.922087	 44.380295	 34.195267	 -0.433880	  0.739501	  0.616454	
1679	 29.235527	 46.647335	 35.749264	 -0.176169	 -0.773962	 -0.121081	
1680	 15.104368	  5.706186	 31.838327	  0.935677	  0.438836	  1.421498	
1681	 41.547417	 13.162951	 30.748535	 -0.366591	 -0.737933	 -0.665986	
1682	  1.526526	  2.732387	 12.147592	  0.217205	 -0.445074	  0.074418	
1683	 17.400822	  3.996535	 24.341515	  0.117525	  0.288033	 -0.695457	
1684	 29.277201	 47.277897	  5.880339	 -0.620466	  0.580334	 -0.555623	
1685	 19.026062	 33.419823	  9.251060	 -0.773268	 -0.755656	  0.300543	
1686	 14.435199	  5.050835	 23.345800	 -0.848658	  1.106046	  0.910975	
1687	 29.910858	  8.304369	 16.661058	 -0.148273	 -0.972528	  0.483408	
1688	 11.751003	 30.747583	 13.529306	 -0.403615	  0.596717	  0.079030	
1689	 47.636600	  6.449839	 18.239532	 -0.125992	 -1.196242	  0.002610	
1690	 47.323631	 34.511841	 21.841602	  0.964613	 -0.180312	 -0.328764	
1691	 37.158630	 45.742737	 35.290913	  0.543941	  0.338052	  0.449796	
1692	 36.533173	  1.813846	 45.848743	 -0.745862	  0.333233	  0.639654	
1693	 24.992565	 18.727688	 29.334457	 -0.295184	  0.884271	 -0.331465	
1694	 17.085405	  4.621894	 33.733284	  0.011477	  0.303290	  0.162994	
1695	 36.387558	 11.976680	 42.984749	 -1.427474	 -0.346675	  0.254869	
1696	 32.663334	  3.252572	 38.105122	 -0.719248	 -0.964872	 -0.064236	
1697	 47.157883	 25.768002	 33.336174	 -0.954279	  0.377238	 -0.219403	
1698	 24.115482	 27.889397	  3.527885	 -0.307193	 -0.545774	  0.246170	
1699	 45.613995	  4.370279	 45.874794	 -0.397915	  0.662465	 -0.007215	
1700	 15.816178	  2.230721	  2.723899	  0.324423	 -0.138447	 -0.355442	
1701	 23.907887	 44.579353	 30.699789	  0.228331	  0.332463	  0.116687	
1702	 18.281187	 19.068243	 11.694467	  0.713404	 -0.515991	 -0.015355	
1703	 36.009365	 45.462555	  4.659560	 -0.250397	 -0.991746	 -0.363985	
1704	  0.105448	 45.809277	  3.919085	  0.254823	 -0.566123	 -0.358311	
1705	  0.899549	  5.691175	  9.403818	  0.319211	 -0.501172	  0.250333	
1706	 42.028465	  7.934536	 20.995378	  0.482000	  0.586694	  0.648188	
1707	 30.622448	  1.285069	  0.508094	 -0.700297	 -0.518776	 -0.888276	
1708	 38.014809	  9.601786	 40.495712	 -0.010685	  0.231027	  0.971168	
1709	 40.032227	 37.961807	 46.669525	 -0.182080	  0.885949	 -0.096246	
1710	  8.037294	 29.134287	 35.732792	 -0.210432	  0.340218	  0.040660	
1711	  6.272159	 26.494225	  1.084696	  0.237785	  0.195040	  0.042678	
1712	 26.092424	 20.654610	 13.778639	  0.512831	  0.007842	  0.086981	
1713	 25.188175	 29.435877	  7.542182	  0.914505	 -0.263782	  0.954573	
1714	 20.768185	  3.319183	  4.062047	 -0.079851	 -0.839632	  0.067419	
1715	 44.989239	 40.265018	 33.197491	  0.649669	  0.196692	 -0.652830	
1716	 47.619892	 15.179262	 32.237595	 -0.514710	 -0.148421	  0.630975	
1717	 40.031723	 16.246284	 17.826183	 -0.053017	 -0.914400	 -0.401325	
1718	 19.364834	 45.031666	  3.369696	 -0.432604	 -0.553540	  0.047298	
1719	  2.734133	 26.623468	 36.643368	 -0.767107	  0.320664	 -0.686144	
1720	  7.197372	 41.507351	 34.833351	 -0.713749	 -0.497414	  0.542884	
1721	 29.676725	 19.547468	 16.420959	 -0.483213	 -0.279334	 -1.131894	
1722	 47.288906	 37.653641	 26.182150	  0.283320	 -0.017708	  0.020938	
1723	 40.592552	 25.068829	 45.922333	 -0.686365	 -0.031392	  0.009676	
1724	 20.332598	  3.994754	 12.695610	  0.141374	  0.341014	 -0.674417	
1725	 47.051861	 46.875637	 33.561237	 -0.137180	 -0.056740	  0.399577	
1726	 46.812786	 28.525827	 12.297132	  0.152017	  0.109548	  0.202975	
1727	 43.832626	 23.394302	  4.113948	  0.133101	 -0.069244	 -0.018163	
1728	  8.003888	 30.237154	 31.739355	  0.142000	  0.081263	  0.404074	
1729	 23.598440	 29.681267	 16.951965	 -0.005532	  0.299434	  0.286383	
1730	 10.330129	 13.253329	 32.121037	  0.488292	  0.932381	  0.074541	
1731	  1.947443	  1.764320	 31.560551	 -0.157410	  0.201056	 -0.519213	
1732	 37.656986	 24.814728	 20.488651	 -0.550540	 -0.189023	  1.360529	
1733	 44.487953	  3.995767	 40.160084	 -0.057390	 -0.234516	  0.528257	
1734	  4.721609	 17.390329	 33.724739	  0.004783	 -0.931916	 -0.020487	
1735	 38.395771	  1.258055	 36.688587	 -0.882104	  0.428018	 -0.812311	
1736	 40.911747	 23.644670	  0.139088	  0.141040	  0.581438	 -0.903693	
1737	  5.186186	  2.912183	  9.236544	 -1.508732	 -0.332615	 -0.082875	
1738	 44.449787	 27.510399	 24.481382	  0.331688	 -0.421360	  0.665492	
1739	 18.517851	 42.120564	  6.579137	  0.620774	  0.041910	  0.257300	
1740	 23.886974	 25.721771	  4.672359	 -0.334919	  1.236765	  0.747645	
1741	 26.840574	 11.703796	 46.014538	  0.316811	 -0.087357	 -0.262368	
1742	 42.449524	 24.676559	 45.300415	  0.679411	  0.195658	  0.579817	
1743	 26.380510	 17.594397	 21.241665	  0.925428	  0.417127	 -0.409885	
1744	 42.048721	 21.563675	 41.863747	 -0.724427	  0.010393	 -0.296157	
1745	 35.077087	 11.908148	 25.534077	  0.066185	 -0.564103	 -0.269472	
1746	 28.227589	 18.517651	  9.020912	 -0.886641	  0.346643	  0.668732	
1747	  5.017133	  5.498999	 12.664356	 -0.787868	 -0.514279	 -0.606949	
1748	 29.025772	 20.993092	 21.003300	  0.805290	  0.548116	 -0.359695	
1749	 45.907261	 32.567104	 14.999573	 -1.103469	 -0.169849	  0.459905	
1750	 46.461308	 31.864613	 42.696350	  0.367269	 -0.168227	  0.376237	
1751	 27.941080	  5.693754	 31.418774	 -0.340687	 -0.498093	 -0.026035	
1752	 32.616756	 16.037483	 28.542480	  0.508147	 -0.725118	 -0.095271	
1753	 30.265827	 41.791477	 34.995937	 -0.788337	 -1.429111	 -0.191030	
1754	 23.716970	 22.164211	 44.856243	 -0.033955	 -0.095156	  0.171575	
1755	 23.579523	 34.793633	 38.614922	  0.104001	  0.922766	  0.371061	
1756	 38.052605	 20.121006	  3.118365	 -0.430498	 -0.632085	 -0.860427	
1757	 24.478664	 46.485252	 46.338634	  1.075685	  0.746267	 -0.800508	
1758	 32.490738	 11.344337	 25.384371	  0.268005	 -0.600549	  0.643730	
1759	 39.934193	 15.360044	 40.057648	 -0.200115	 -0.186707	  0.345756	
1760	  1.427991	 26.860117	  8.636871	 -0.389121	  0.570947	 -0.789124	
1761	 20.334217	  8.989802	 43.390385	 -0.165565	 -0.541600	 -0.758955	
1762	 45.326969	 35.241318	  3.503028	  0.964956	  0.107602	  1.649815	
1763	 23.636814	 33.150890	  8.640008	 -0.343675	 -0.611997	  0.655709	
1764	 23.076912	 44.905567	 46.407970	  0.613526	  0.470851	  0.473256	
1765	 44.200420	 25.787893	 14.770905	  0.121849	  0.487688	 -0.082924	
1766	 36.605492	 26.686237	 29.379837	 -0.552812	  1.010985	 -0.870569	
1767	 43.951477	 33.738510	 16.729528	  1.681923	  0.389432	 -0.020958	
1768	 32.544399	  7.348867	  9.255619	  0.511834	 -0.474722	 -0.746486	
1769	 45.800201	 35.750340	 43.475586	  0.025269	  1.376863	 -1.068634	
1770	  5.815075	  4.160396	 37.762539	  0.244913	 -0.172403	  0.053490	
1771	 42.462112	  9.192301	  5.891820	  1.451416	 -0.896615	 -0.160741	
1772	  0.290615	 40.195950	 38.474762	 -1.088516	  0.431153	  0.240304	
1773	  6.249317	 42.214809	 11.857172	 -0.889803	 -0.111369	  0.338878	
1774	  7.815484	 11.043759	 41.659084	  1.311877	  0.244527	  0.269072	
1775	  3.435948	 40.096512	  9.432198	  0.120004	  0.227693	 -0.194912	
1776	 15.461626	  2.351586	 40.784760	  1.239507	 -0.609035	  0.226099	
1777	  1.406100	 36.633389	 39.850487	  0.186028	  0.520987	 -1.075397	
1778	  7.763315	  5.302965	 42.254143	  0.354433	 -0.714335	 -0.188915	
1779	 31.950569	 31.518719	 40.000298	 -0.174338	  1.116785	  0.286843	
1780	 17.989985	  4.760148	 37.320808	  0.107787	  0.507022	  1.181101	
1781	  7.311046	 44.813805	 29.679735	 -0.340758	  0.754359	  0.630498	
1782	 29.383736	 41.430222	 34.869274	 -0.740369	 -0.278748	  0.138725	
1783	 42.288280	 47.628654	 26.633734	 -0.031598	  0.613807	  0.759664	
1784	 44.477341	 41.161282	 21.303806	 -0.114488	  0.229473	  0.393561	
1785	  4.730846	 35.048260	 46.484741	  0.660277	 -0.099991	  0.108341	
1786	 21.519478	 22.858301	 40.192196	 -0.259675	  0.138177	  0.683923	
1787	 21.472694	  5.750206	 13.157753	 -0.204268	  0.003900	  0.457537	
1788	 43.949585	 30.076746	 10.424970	  1.057541	  0.592439	  0.053110	
1789	 13.065128	 28.868004	  1.952743	 -0.570089	 -0.758015	 -0.489925	
1790	 18.199471	  9.445400	 10.448853	  0.164454	  0.307377	 -0.510120	
1791	 46.579662	 35.659477	 31.021748	 -0.310082	 -0.329468	  0.500687	
1792	  8.451391	 39.197365	 10.517505	 -0.496085	 -0.401082	  0.930066	
1793	 26.081806	 30.426762	 15.869290	 -0.062042	  0.417946	  0.411550	
1794	 29.800308	 40.227383	 17.386456	 -0.025192	  0.691763	  0.824539	
1795	  7.694535	 38.109627	 12.639961	 -0.958895	 -0.136559	 -0.008566	
1796	 43.834263	 12.620757	 38.335800	  0.125643	 -0.106861	  0.756858	
1797	 44.121964	  9.964780	  8.141508	 -0.302139	  1.188599	 -0.121392	
1798	 15.558349	 26.455065	 29.755600	  0.528140	 -0.369754	  0.421923	
1799	 20.434029	  2.765518	 22.587368	 -0.331779	  0.084748	 -0.731123	
1800	 18.695845	 24.722065	  9.918653	  0.565411	  0.650534	  0.029430	
1801	 34.365894	 14.943686	 32.635166	  0.835447	  0.354488	  0.232124	
1802	 19.930286	  6.988321	 24.926085	  0.519470	 -0.612629	 -0.234947	
1803	 40.685421	 12.971760	 29.709414	  0.645958	  0.427582	  0.478188	
1804	 15.923168	 22.485191	 24.015347	 -0.089518	  1.356934	  0.271432	
1805	 44.050194	 39.134396	 37.858387	  0.449949	 -0.737021	 -0.845042	
1806	 35.238354	 35.794003	 12.900265	 -0.317473	 -0.176576	  1.029074	
1807	 27.330330	 29.013401	 14.497038	  0.038613	  0.204274	 -0.978152	
1808	 12.447819	 37.018875	 13.815867	 -0.094336	  0.254023	 -0.668207	
1809	 29.835993	 46.899113	  6.902107	  0.656242	 -0.146915	  0.367054	
1810	 19.624287	 17.576420	  9.999860	  0.897489	  0.498630	  0.499451	
1811	  2.030982	 20.357805	 14.571144	 -1.094795	 -0.404906	  0.724712	
1812	 15.510744	 41.800949	 36.058414	 -0.144092	 -0.721243	 -0.578874	
1813	  7.026244	 31.703165	  7.880144	  0.408064	  1.252568	 -0.142153	
1814	 41.481281	 28.648319	  5.975641	 -0.460706	  0.460047	  0.743904	
1815	 14.624807	 23.532219	 14.302946	  0.333928	  0.462204	  0.098559	
1816	 17.145063	 45.453751	 25.715242	 -0.905889	  0.799176	 -0.475001	
1817	 11.831614	 46.082306	 23.837980	  1.014823	 -0.507493	  0.089686	
1818	  7.630563	 10.112906	 28.712776	 -0.273913	  0.206867	  0.019322	
1819	  4.073036	 40.274059	  3.846972	  0.794205	  0.995253	  0.235383	
1820	 33.679237	 28.093378	 24.797655	 -0.417997	 -0.316567	  0.210887	
1821	 23.341814	 35.135990	 22.827423	 -0.039750	 -0.190492	  0.353502	
1822	 38.199795	 11.034875	  8.482655	  0.188781	 -0.672814	  0.478394	
1823	 47.787392	 14.036583	 32.009426	 -0.783123	 -0.515333	  0.348068	
1824	  7.398672	  3.861015	 27.776722	 -0.015046	  0.334922	  1.097693	
1825	 30.842297	 38.468342	  4.062860	 -0.718042	  0.978438	 -0.178978	
1826	 15.792579	 46.591385	 11.646488	  0.790075	 -0.154081	 -1.033096	
1827	  8.346288	 12.660765	 34.369183	  0.532006	  0.161532	  0.358330	
1828	 46.494125	  9.857342	 27.712645	  0.447078	 -0.833315	 -0.587321	
1829	 27.443222	 42.330627	 11.576958	 -0.726069	  0.070449	 -0.191299	
1830	 16.498318	 18.048523	  8.464579	  0.237200	  0.198733	 -0.400977	
1831	  7.918119	  9.423188	 32.314087	  0.206790	 -0.339793	  0.953941	
1832	 15.559139	 10.124800	 27.342987	  0.366213	 -0.329114	 -1.745162	
1833	 22.912832	 18.131077	 28.595867	  0.284831	  0.385648	 -0.903028	
1834	  4.964230	 10.692459	 12.843261	  0.707735	  0.097501	 -0.568889	
1835	 37.396626	 27.338770	 46.264256	 -0.602090	 -0.152395	 -0.128246	
1836	  9.648182	 43.494953	 39.768555	 -0.048404	  0.089585	 -0.491510	
1837	 39.271332	 12.835335	  3.817131	 -0.297717	  0.412351	 -0.898996	
1838	 25.944836	 37.960949	 43.016663	  0.214361	 -0.689459	  0.577910	
1839	 17.669189	  6.751658	 16.320761	 -0.383052	  0.526041	  0.557462	
1840	 25.676651	 26.715183	 40.604015	 -0.129972	 -0.539102	 -0.016621	
1841	 46.826649	 30.806732	 43.341595	  0.230254	  0.446909	  0.009840	
1842	  3.767813	 43.607735	 29.234867	  0.049082	 -0.514532	 -0.233835	
1843	  0.306649	 28.798561	 23.952896	  0.099957	 -0.009376	 -0.132772	
1844	  0.129619	 39.601337	  6.670783	 -0.063343	 -0.956205	 -0.285763	
1845	 11.041750	 45.904804	 30.076464	  1.761350	 -0.341374	  0.193982	
1846	 46.855484	  2.791162	 47.244904	 -1.065280	  0.204611	 -0.746484	
1847	  7.960504	 26.469259	  3.438761	 -0.403372	  0.651368	  1.134833	
1848	 41.352856	 10.208640	 31.828732	  0.260197	  1.040904	  0.782836	
1849	 16.075109	  9.431241	 26.476810	  0.335534	 -1.539669	  0.657438	
1850	  7.943380	  4.378365	  9.910945	  0.446450	 -0.980037	  0.023662	
1851	 24.800550	 14.153036	  8.291727	  0.004501	  0.264443	  0.720239	
1852	  1.367611	 20.137600	  3.442201	 -0.951147	  0.248670	 -0.920282	
1853	  6.369326	 29.337351	 26.329582	 -0.340171	  0.419856	 -0.558315	
1854	 14.600098	  6.661160	 39.900280	 -0.619705	  0.055621	  0.536501	
1855	 28.600008	 42.886681	 30.018654	 -0.190230	  0.525373	 -0.108300	
1856	  6.808804	 33.298447	  8.152488	  0.235385	  1.653613	  1.454332	
1857	  8.903489	 39.710125	 42.143265	 -0.361080	 -0.878731	  0.135195	
1858	 17.610270	 35.646271	 32.716549	  0.505482	  0.606901	  0.757821	
1859	 14.064087	 15.255697	 35.303753	  0.033841	 -0.605561	  1.093064	
1860	 10.254476	 37.499943	  1.301130	  0.596818	  0.658711	 -0.332567	
1861	  7.178338	 25.758684	 21.461445	  0.198427	  0.249351	 -0.284497	
1862	 33.109394	  5.800282	 33.016430	 -0.006991	  0.496503	  0.696884	
1863	 45.098473	 38.528820	  7.222734	 -0.716664	  0.596411	 -0.361506	
1864	 41.491310	 37.205765	 27.145180	 -0.136421	 -0.510239	 -0.690452	
1865	 43.995544	 36.285244	 17.468000	 -0.058219	  0.990710	  0.812801	
1866	 38.589134	  3.550817	 30.309906	 -0.411046	 -0.059025	 -0.211272	
1867	 10.124993	 10.229530	  6.146210	  0.252014	 -1.313177	  0.017186	
1868	 24.318054	 26.944643	  5.255517	  0.320530	 -0.877164	  0.242488	
1869	  9.939951	 19.310396	 42.573112	  0.526663	  0.403258	 -0.234554	
1870	 42.291145	 21.315426	  5.419716	  0.349783	 -0.816070	  0.318345	
1871	 44.466648	 43.508270	 31.108854	  0.596124	 -0.975686	  0.681814	
1872	  2.750299	  4.866687	  1.041721	  1.375911	  0.103437	 -0.423380	
1873	 18.823769	 31.328402	  7.328774	  0.433520	 -1.596237	  0.031849	
1874	 13.772701	 28.432098	 17.042427	  0.935950	 -0.442829	  0.178342	
1875	 39.115623	 34.403481	 13.533409	  0.496184	 -0.288670	 -0.664234	
1876	 35.501522	 21.282272	 22.277256	 -0.598816	 -0.069611	 -0.211941	
1877	 28.183722	 23.410992	  4.645689	  0.404888	 -1.173564	  1.116493	
1878	 10.526705	 17.213245	 43.139015	 -0.461635	 -0.060603	  1.194233	
1879	 28.744242	 20.993608	 28.507336	  0.506287	  0.354632	 -1.387889	
1880	 18.465908	 28.357033	  9.369504	 -0.884708	 -0.753267	  0.294269	
1881	 27.989393	 15.892256	 26.059486	  0.644650	  1.060701	  0.141432	
1882	 20.845387	 36.104263	 21.268679	  0.164943	 -0.500106	  0.681406	
1883	 20.958811	 47.147026	  9.799892	 -0.718568	  0.403230	 -0.298865	
1884	 14.462363	 42.828640	  5.914128	  0.276577	 -0.326173	 -0.001097	
1885	 47.881424	 15.375919	 37.547115	  0.038419	 -0.319287	 -0.650837	
1886	 21.905252	 21.602512	  2.542771	 -0.549819	 -0.217291	 -0.183733	
1887	  3.487333	 38.908401	 11.357285	 -0.302335	  0.718431	  1.272134	
1888	  6.958322	 18.896713	 17.260925	  0.749815	 -0.235662	 -0.886884	
1889	 12.433173	 23.353148	 31.180656	  0.144889	 -0.534619	 -0.447418	
1890	 30.566633	  3.575967	 16.244167	 -0.937808	  0.310540	 -0.155180	
1891	 10.075580	 39.251858	 36.335957	  0.840408	 -0.284348	  0.095942	
1892	  5.684997	 25.654907	 22.345173	  0.036104	  0.809037	  0.211581	
1893	  2.053686	 15.370943	  3.083698	  0.195683	  0.024381	  0.506925	
1894	 19.864601	 29.513653	  3.112911	 -0.286617	  0.670781	  0.000868	
1895	 33.498280	 19.876383	 28.578236	  0.288564	  0.588419	 -0.737513	
1896	 22.611050	 26.328585	 11.247942	  0.417717	 -0.048468	  1.141518	
1897	 29.060221	 46.947189	 40.809834	  0.302573	  0.355636	 -0.147898	
1898	 38.958549	  8.570664	 40.643723	 -0.290333	  0.387063	  0.150871	
1899	 39.160656	  9.924732	  8.114109	  0.180269	 -0.180432	 -0.127088	
1900	 24.789862	 38.604675	  0.790010	 -1.120687	  1.446718	  0.271001	
1901	 15.240486	 15.909692	  1.977887	  0.591822	 -0.478477	  0.514504	
1902	 31.481972	 30.930458	  0.494358	 -0.132681	  0.798602	  0.482922	
1903	 34.710331	 23.273191	 32.563805	  0.402546	 -0.642833	  0.948951	
1904	 24.826847	 18.017136	  0.433695	 -1.065565	  0.214995	 -0.362303	
1905	 26.475174	  2.742258	 25.385210	  0.226038	 -1.023883	  0.756071	
1906	 12.929799	 44.811504	  0.861229	 -0.710572	 -0.532497	 -0.011215	
1907	 24.010975	 15.526152	  9.657560	 -0.016914	  0.727520	 -1.107544	
1908	 16.211063	  4.313813	 20.411570	 -0.500507	 -0.386465	  0.277555	
1909	 20.346628	  4.855808	 29.074373	  0.900434	  0.128705	  0.122868	
1910	 43.820366	 19.276676	  3.239032	 -0.127348	  0.862611	 -1.368657	
1911	 14.561857	  1.225748	 32.154549	  0.613434	  0.927836	 -0.018499	
1912	 27.753838	 11.646417	  5.164659	 -0.163851	  0.653360	 -0.077730	
1913	 30.756718	 18.436935	 22.874424	 -0.664187	  0.310783	  0.216752	
1914	  7.471270	  4.549525	 34.480919	 -0.228447	 -0.145440	  0.045591	
1915	 27.453396	 41.090900	 14.572607	 -0.349993	  0.304106	 -0.139275	
1916	 40.967514	 25.191095	 23.695850	  0.667228	 -0.929361	 -0.491366	
1917	  6.017639	 37.740486	 34.546772	 -0.024470	 -0.675209	  0.200641	
1918	 28.686367	 29.418011	 11.549074	 -0.235350	  0.393758	  0.596902	
1919	 31.072140	 47.855812	 46.484070	 -0.751982	 -0.636392	 -0.743129	
1920	 11.438450	 44.556026	  0.315643	  0.230178	  0.019936	 -0.001982	
1921	 26.780048	  7.352993	 46.799618	 -1.152215	  0.085099	 -0.951938	
1922	  7.337480	 33.729347	 11.437374	  0.295166	 -0.422565	 -0.736050	
1923	 44.541183	 20.415937	 29.530369	 -0.014578	  0.428798	 -1.605503	
1924	 12.296483	 28.237017	 29.545618	  0.530432	  0.203479	 -0.468252	
1925	 13.523292	 42.639858	 14.061495	 -1.331459	  1.010561	  0.605461	
1926	 26.506687	 27.938648	 40.490303	  0.236633	 -0.924193	 -0.299787	
1927	 14.425908	 42.083183	 23.417793	 -0.159214	  0.104912	 -0.415131	
1928	 33.662209	  1.206969	  3.173771	 -0.114964	  0.007452	  0.115587	
1929	 23.239172	 15.286123	 38.578972	  0.031014	  0.480490	 -0.382562	
1930	 33.788853	 43.148602	 31.975353	  0.610137	  0.183575	  0.663593	
1931	 14.964473	 33.570190	 32.189846	 -0.032519	  0.105989	  0.993835	
1932	 42.666714	 32.599323	 37.900845	 -0.032777	  0.581498	  0.394804	
1933	 35.525898	 19.944885	 15.440022	  0.417839	 -0.375531	 -0.744910	
1934	 46.321098	 43.030151	 46.511971	  0.550779	  1.047179	 -0.240528	
1935	 32.524929	 25.205688	  2.758594	 -0.581568	 -0.750055	 -0.225208	
1936	 26.041447	 39.711792	 41.269539	 -0.561090	  0.439508	  0.271263	
1937	 26.259087	 37.128918	 37.452366	  0.072890	 -0.604128	  1.270304	
1938	 12.073792	 36.407707	 43.370499	 -0.652685	  0.258038	  0.203963	
1939	  0.453441	  7.032599	 40.289120	 -0.179769	  0.666609	 -0.200829	
1940	 46.322227	 22.805111	 27.035894	 -0.157672	  0.979846	  0.136297	
1941	 42.311207	 24.317835	 45.643902	 -0.509663	 -0.818895	  0.032685	
1942	 44.474255	 43.797626	 25.534040	  0.149916	  1.179270	  0.275938	
1943	 42.868256	 32.829197	 16.780264	  0.421162	 -0.016438	  0.336603	
1944	 25.470827	 45.873806	 30.897068	  0.300192	  0.332911	 -0.394046	
1945	 33.374233	 32.458069	 44.903744	 -0.387973	 -0.563038	  0.298359	
1946	 36.068108	  4.521440	 23.998384	  1.485192	  0.332526	  0.595716	
1947	  4.762189	 28.363560	 46.830585	 -0.410186	 -0.827878	  0.864223	
1948	 18.108431	  3.670049	 18.281160	  0.633274	  0.333841	 -0.125656	
1949	 15.591072	 19.485579	 19.737598	 -0.127146	  0.051778	 -0.543825	
1950	 23.206659	 23.583347	 10.830921	 -0.231807	 -0.233035	  0.527565	
1951	 19.108994	 46.227089	  5.011554	 -0.867388	  0.149995	  0.127303	
1952	  2.186898	 13.014336	 33.226746	  0.577424	 -1.269982	 -0.348140	
1953	 27.470873	 39.374748	 46.208324	  0.142619	  0.783047	  0.031724	
1954	 40.740555	 35.622002	  9.767307	  0.265479	  1.228275	  0.719495	
1955	 15.330298	 12.178774	  6.339981	 -0.336762	  0.455391	 -0.824142	
1956	 21.984215	 34.060417	 18.132854	 -0.257846	  0.124961	 -0.102497	
1957	  6.300220	 15.920956	  4.178368	  0.360414	 -0.479165	 -0.511189	
1958	  5.713849	 22.959408	 43.546917	  0.762210	 -1.364790	  0.506327	
1959	 20.746653	 46.484146	 34.963120	 -0.481190	  0.325854	 -0.122674	
1960	 42.782135	 14.639681	  4.923472	 -0.632832	 -0.928281	 -0.331019	
1961	 30.262493	 38.199402	 23.836788	  0.120807	 -0.374956	 -0.875476	
1962	  3.692560	  1.785529	 39.106674	  0.805971	  0.568235	 -0.138523	
1963	 20.808968	 11.141099	 47.091038	  0.654005	  0.392570	  0.126664	
1964	  6.284183	  9.887614	 20.544508	  1.200638	  0.709608	 -0.491896	
1965	 33.696712	  8.038560	 25.221834	 -0.003316	 -0.112661	  0.941377	
1966	 32.896606	 37.277527	 40.223202	  0.001152	 -0.971363	  1.158562	
1967	 22.369019	 19.729052	 34.675186	 -0.154111	  0.827638	 -0.428548	
1968	 45.249401	 17.052534	  6.582906	  0.462551	 -1.041977	 -0.348896	
1969	 11.902629	 30.537083	 25.950369	 -0.086611	 -0.566365	  0.545318	
1970	 26.901936	 11.761656	 20.292736	 -0.037831	 -1.424285	 -0.779789	
1971	 35.889889	 22.751652	  4.573734	 -0.231054	 -0.538296	 -0.257456	
1972	 37.547310	 21.199682	 47.147385	 -0.581197	 -0.321720	 -0.082739	
1973	 37.333881	 47.566174	 21.758148	  0.626420	  0.246329	  0.248491	
1974	 20.890408	  8.897598	 46.374649	 -0.273416	  0.918392	  0.336478	
1975	 30.280876	 26.638790	 31.499371	 -0.343393	  0.591876	  0.811457	
1976	 35.932636	 39.686958	 26.779671	 -0.502531	 -0.205093	 -0.424653	
1977	  4.500319	 30.293833	 23.388220	 -0.666623	  0.094099	 -0.433405	
1978	 30.519993	 28.388069	 20.215874	  0.349296	 -0.446703	  0.449343	
1979	  9.115052	 22.554579	 17.039566	 -0.279171	  0.193228	  0.533940	
1980	 16.422468	 36.207844	  1.431124	  0.274145	  0.099962	  0.174724	
1981	 39.671272	 36.178406	 18.263781	  0.220652	 -0.711505	  0.573310	
1982	 47.409386	 10.074099	 44.866009	  0.646334	  0.649268	  0.601618	
1983	 35.006718	 40.311607	 33.743397	 -0.340903	  0.001122	  0.576062	
1984	 39.308514	 43.085613	  5.654967	  0.505181	  0.599170	 -0.573447	
1985	 47.915081	 46.099388	 33.384922	 -0.174602	 -0.602042	 -0.501036	
1986	 31.669514	 11.768139	 24.583181	  0.368498	 -1.035274	 -0.335907	
1987	 14.329427	 36.947029	 17.054913	  0.336344	  0.398576	  0.063428	
1988	  1.591844	 23.395683	 36.975006	 -0.062089	  0.458693	  0.006471	
1989	  5.510830	 36.936260	 25.449009	 -0.441505	 -0.332870	 -0.166364	
1990	 13.543474	 44.775620	 31.074955	  1.334188	 -0.051100	  1.343162	
1991	 21.749788	 25.680775	  0.201798	  0.191850	 -0.046196	  0.941904	
1992	  9.296947	 42.787994	 45.418823	  0.736701	 -0.553468	  0.630004	
1993	 15.322097	  2.829995	 32.488884	 -1.085760	  0.125559	  0.045137	
1994	 38.655491	 23.476391	 31.914974	 -0.717822	 -0.778077	 -0.413504	
1995	 22.541901	 19.457602	 12.765413	  0.831898	  0.161543	 -0.253320	
1996	 12.592442	 35.839684	  6.318790	  0.520250	 -0.429585	 -0.670631	
1997	  2.923917	 43.325150	 10.504923	 -0.068793	  0.170444	 -0.576188	
1998	  9.353672	 15.776947	 16.532721	  0.038666	 -0.240345	 -0.172421	
1999	 42.551220	 30.104103	 12.617651	  0.996442	  0.612151	 -0.579958	
2000	 41.166851	 38.462326	 23.377546	  0.282093	 -0.545299	 -0.006089	
2001	  5.448143	 45.745422	 12.856416	 -0.371725	  0.476596	  0.892764	
2002	 37.964020	 17.909622	 46.787537	  0.425095	  0.220113	 -0.877977	
2003	 24.853201	 25.983784	 27.424976	 -0.185208	 -0.417252	 -0.474989	
2004	 14.679341	 11.069112	 24.487633	  0.730619	  0.791115	  0.236305	
2005	  6.931081	  5.790658	  5.625375	  0.065984	 -0.104757	  0.608170	
2006	 28.934814	 10.332450	 28.898861	  0.301014	 -0.060207	 -0.809888	
2007	 46.146774	 19.563440	 28.815331	 -0.722760	  0.462828	  0.363719	
2008	  8.681440	  3.071393	 29.941763	  0.506070	  1.187376	  0.162724	
2009	 26.642830	 28.455963	 22.150976	 -0.459388	 -0.856376	  0.004227	
2010	 20.150688	 18.279856	 34.828506	 -0.339418	  0.765438	 -0.461676	
2011	 47.511105	 21.181446	 17.131985	 -0.287253	 -0.450194	  0.078572	
2012	 12.856636	 17.746723	 39.943741	 -0.322383	  0.553785	 -0.234594	
2013	 12.747951	  2.982419	 23.928898	  1.364811	 -0.341012	 -0.617359	
2014	 34.886238	  8.365286	 13.251508	  0.382343	 -0.847378	  0.162217	
2015	  1.171340	 15.655897	  6.769019	 -0.576490	 -0.314566	  0.754127	
2016	 34.411854	  9.546442	 16.679300	  1.149609	  0.577696	  0.469718	
2017	 37.024635	 43.275333	 24.205767	  0.179220	  0.605264	 -0.336284	
2018	 47.391346	 33.372017	 42.605495	 -0.675664	 -0.003041	  0.136122	
2019	  5.046831	 17.695858	 13.797810	 -0.595932	 -0.091811	 -0.356803	
2020	 42.691784	 18.266998	 21.159794	 -0.210027	 -0.575717	 -0.386964	
2021	 18.283371	 28.911226	 21.885900	  0.015561	  1.210682	 -0.368379	
2022	 25.260975	 38.122406	  4.494780	  0.772552	 -0.118028	 -1.035166	
2023	 11.439143	 20.137741	 20.161974	  0.435774	 -0.595128	 -0.465181	
2024	 25.415396	 34.594555	  7.741191	  0.905991	 -0.403118	  0.129137	
2025	 23.633539	 35.681824	 38.668747	  0.371586	 -0.306466	 -0.275842	
2026	 29.150724	  2.917679	 29.926165	  0.301911	 -0.670055	 -0.177379	
2027	 17.403755	 14.980811	 42.480663	 -0.292682	 -0.474085	 -0.462368	
2028	 30.273289	 35.162563	 38.623436	  1.994243	 -0.073211	 -0.217691	
2029	 35.892033	 35.266293	 28.458239	 -0.313810	 -0.319049	  0.061117	
2030	  5.838548	 36.739841	 47.292820	  0.135075	 -0.080253	 -0.393951	
2031	 36.183590	 10.901437	  1.268076	  0.282621	 -0.668408	  0.050104	
2032	 19.110231	 43.592728	  4.995219	 -0.245859	 -0.878588	 -0.632897	
2033	 33.573284	 17.037260	  5.333091	 -0.196138	  0.094179	  0.567347	
2034	  3.059889	 42.693600	 30.359320	  0.327089	 -0.991725	 -0.225100	
2035	  0.806763	 45.592041	  9.081089	 -1.044300	  0.496058	 -0.498770	
2036	 10.892454	 31.240856	 33.121021	 -0.828013	 -0.628187	 -0.162944	
2037	 21.016224	 43.418690	 35.873463	  0.284379	  0.776056	  0.484692	
2038	  1.233054	 30.326313	 29.762548	 -0.424038	 -0.093489	  0.736758	
2039	 14.396769	 33.314842	 29.706406	 -0.291595	 -1.085821	  0.076898	
2040	 23.663494	 28.780687	 15.132943	 -0.741073	  0.803183	 -1.055768	
2041	  1.704103	 32.056255	 40.712128	 -0.477128	 -0.342058	 -0.369716	
2042	 13.289748	 24.627037	 20.609503	  0.672422	 -0.384441	  0.399261	
2043	 21.891365	 18.247622	  5.309866	  0.502735	  0.508542	 -0.003500	
2044	 15.813240	 20.059273	 40.200115	 -0.723992	 -1.032728	  0.138742	
2045	 17.421009	 19.838575	 47.871861	 -1.306379	 -0.578140	 -1.093965	
2046	 39.646210	  3.354549	 22.287085	  0.009473	  0.016671	 -0.090322	
2047	  3.372588	  7.283026	 16.688770	  0.363002	 -0.495644	 -1.181687	
2048	 10.751120	 40.857410	  6.380383	 -0.412330	 -0.924212	 -0.731673	
2049	 18.953190	  6.056098	 16.497166	  0.046689	 -0.327482	 -0.451796	
2050	 39.793930	 16.507915	 23.507605	 -0.324653	  0.048790	  1.337825	
2051	 42.319603	  6.903496	 20.371708	  0.396536	  0.019777	  0.161503	
2052	  8.000159	 35.417679	 34.045143	 -0.129225	 -0.205364	  0.066916	
2053	 29.469604	  7.447814	  5.387029	  0.360468	  0.068204	 -0.385410	
2054	 17.130865	 37.775776	  7.934169	  0.223889	 -0.344678	 -0.529770	
2055	 28.591522	 22.821012	  9.040219	 -0.513498	  0.752964	 -0.137775	
2056	 21.538631	 23.942982	 41.405972	 -1.325009	 -0.552703	 -0.525412	
2057	 43.961029	 39.753063	 33.023640	 -0.563732	 -0.152466	 -0.402198	
2058	 43.063347	 22.160191	 44.800030	  0.184988	 -0.777128	  0.477235	
2059	 37.950462	  9.039601	 31.723080	 -0.050529	  0.896595	 -1.101257	
2060	 17.428946	 29.734919	 28.138176	 -0.098846	  0.660597	 -0.564635	
2061	 10.489774	 34.761887	  9.864325	 -0.678370	  0.183450	  0.440234	
2062	 31.137367	 36.444016	 35.997375	  0.527210	  0.199894	 -0.862758	
2063	  7.188016	 23.661757	 24.446156	  0.855781	 -0.719706	  0.419830	
2064	 25.573044	  6.274308	 40.011093	 -0.009230	  0.100997	 -0.056954	
2065	  4.606710	 32.098503	 36.473663	 -0.082188	  0.150385	  1.935933	
2066	 44.458714	  4.601676	 24.179653	 -0.049191	  0.232837	  0.761949	
2067	  0.856919	 27.317783	 18.040981	 -0.187285	 -0.279387	 -0.353002	
2068	 44.274490	 43.726955	 10.629949	  1.004955	 -0.482799	  0.134440	
2069	 19.852673	  5.673560	  2.484674	 -0.477249	 -0.253378	  0.607731	
2070	 21.160622	 10.060891	 40.941883	  0.051491	  0.224262	 -0.409537	
2071	 39.176060	  2.052414	  8.637533	  0.500301	 -1.214187	 -0.013021	
2072	 30.631407	 37.267872	 22.482990	  0.283042	  0.439070	 -0.231613	
2073	 24.718782	 38.525352	 16.675417	 -0.921372	  0.109990	  0.441829	
2074	  3.732905	  2.623878	 39.676601	 -0.705954	 -0.900437	 -0.319863	
2075	 30.343483	 36.614140	 36.920113	  0.692961	  0.394766	  0.432472	
2076	 10.288993	  5.570586	 16.447142	  0.605506	 -0.116227	 -0.626431	
2077	 42.776459	  7.210335	 31.681950	  0.406306	  0.452170	 -0.043050	
2078	 43.371513	 47.174042	 47.418358	 -0.160768	  0.246066	  0.291311	
2079	  0.552279	  4.190704	 19.657881	 -0.359694	 -0.254252	  0.462870	
2080	 16.535686	 35.629963	 25.730850	 -0.496909	 -0.349107	  0.776649	
2081	  5.899990	 32.928436	 26.630764	  0.173788	 -0.463263	 -0.210036	
2082	 23.762560	  4.496956	 47.038010	 -0.507110	 -0.221035	 -0.357805	
2083	 16.726871	 36.285564	  8.689108	 -0.233045	 -0.603082	 -0.373450	
2084	 12.223644	  4.735866	 13.437210	  0.930799	  0.371257	  0.577392	
2085	 16.316616	 16.537287	  8.924980	 -0.011813	  0.093607	 -0.141599	
2086	 29.106537	 14.917515	 22.768450	 -0.846401	  1.052150	  0.424343	
2087	 40.746025	 41.864246	 32.854568	 -0.379656	  0.341904	  0.339956	
2088	 31.436157	  7.714862	 26.607676	  0.149091	 -0.590163	 -0.280108	
2089	 17.880281	 22.990467	 11.702180	  0.685723	  0.673304	  0.385975	
2090	 32.442711	 16.333630	 12.900705	  0.155487	 -0.653013	  0.418173	
2091	 22.337336	  8.714280	 16.860233	 -0.055699	  0.727244	  0.174822	
2092	 39.309868	  5.584492	  7.684842	  0.419289	  0.577194	  1.124170	
2093	 41.544201	 11.756709	 29.580593	 -0.447433	 -0.597905	  0.433267	
2094	 40.565346	 29.669918	 41.867748	  0.233835	 -0.010999	  0.972214	
2095	  0.186322	 43.037106	 29.006966	  0.117774	 -0.186460	  0.977104	
2096	  3.945205	 39.575356	  5.443715	  0.015369	  0.180207	 -0.228658	
2097	 40.619968	 33.958290	 42.634346	 -0.230867	 -0.957040	 -0.175428	
2098	  9.183185	  9.377740	 43.355404	 -0.407057	 -0.716024	  0.217945	
2099	 42.749790	 45.504383	 36.148399	 -0.178509	 -0.227146	 -0.054218	
2100	  1.140430	 37.316105	 22.602283	  0.134921	 -0.358479	  0.537931	
2101	 34.942024	  1.919891	  7.780232	  0.486549	 -0.025236	  0.105429	
2102	 39.489395	 41.565586	 42.065792	 -0.133510	  0.268594	 -1.064280	
2103	 28.181293	  9.648829	 47.755890	 -0.529236	 -0.174593	 -0.112548	
2104	 41.922497	 38.826633	  3.805295	 -0.457199	 -0.396469	 -0.031990	
2105	  6.251108	 27.585152	 35.765839	  0.012781	 -1.090315	  0.398216	
2106	 24.139177	  3.071558	 18.636787	 -0.210948	  0.424259	  0.626924	
2107	  8.574594	  7.094066	 30.146334	 -0.505656	  1.290608	  0.586602	
2108	  5.838727	 13.362329	 26.021442	 -1.113957	  0.534531	  1.385650	
2109	 41.991924	  3.696747	 25.172968	  1.285635	  0.391916	 -0.703545	
2110	 40.037125	 39.963638	 22.097202	 -0.234799	 -1.080154	 -0.225207	
2111	 28.040882	 44.747284	 24.462303	 -0.713824	 -0.630224	 -0.713711	
2112	 45.913921	 19.629536	 45.973904	  0.643963	 -0.292629	 -0.251408	
2113	  2.266543	 18.311718	 35.753632	  0.774804	  0.610896	  0.003150	
2114	 12.928226	 43.635811	 14.943898	  0.191033	  0.580940	 -0.358300	
2115	 19.167744	  3.878869	 12.024336	  0.198278	 -0.417295	  0.615426	
2116	  3.475552	 39.490650	 25.843542	 -1.451887	 -0.053401	  0.246707	
2117	 42.534863	 21.798952	 25.372328	 -0.206512	  0.971341	 -0.489939	
2118	 28.301920	 13.219936	  9.209520	  0.531750	 -0.174039	  0.944265	
2119	  7.579119	  8.762418	  4.595132	  0.221689	  0.171924	  0.220485	
2120	  0.244494	 21.451279	 44.149239	  0.681326	  1.465266	 -0.220549	
2121	 28.865543	 46.548882	 12.333097	  0.670322	 -0.286981	  0.750068	
2122	 36.434353	 14.913315	 36.631611	 -0.191394	  0.568312	 -0.213590	
2123	 40.230457	 28.401602	 31.861673	  0.110181	 -1.056420	  0.123657	
2124	 29.706467	 28.380989	 23.842672	 -0.762516	 -0.524683	 -0.310403	
2125	 38.291401	  7.870730	 31.889290	 -0.673131	  0.804268	  0.297989	
2126	 28.015368	 23.370583	 13.048960	  0.555188	 -0.412678	 -0.267908	
2127	 37.772156	 13.619191	  6.332628	 -0.156707	  0.928347	 -0.924878	
2128	  1.524563	 40.460732	 39.842495	  0.393883	 -0.300407	 -0.449950	
2129	 43.157768	  5.908961	 38.844242	 -0.885221	  0.490496	  0.005017	
2130	 22.298931	 26.247112	 31.034634	  0.636538	  0.266624	  0.987992	
2131	 42.202740	  7.661510	 15.922071	 -0.559330	  0.134499	 -0.817961	
2132	 23.706657	 27.390398	 45.434849	 -0.162466	 -0.755583	  0.712305	
2133	 16.583778	 39.822620	 18.029007	  0.088700	 -0.475871	  0.724474	
2134	 31.384027	 22.710997	 20.519892	  0.597288	  0.808402	  0.274125	
2135	 36.017391	 44.131031	 18.469698	 -0.572844	  0.448560	  0.266597	
2136	 36.366138	 25.573578	 41.229530	  0.294593	  0.491284	 -0.300814	
2137	 46.979412	 26.344473	  2.906197	  0.013467	  0.035305	  1.020116	
2138	  2.038266	 15.755119	 38.490452	 -0.069911	  0.470731	  0.181850	
2139	 40.885094	 45.167728	  8.625574	  0.499331	 -0.254151	  0.406693	
2140	 21.229433	 42.369953	 31.514210	  0.567726	 -0.366664	  0.129462	
2141	  9.144774	  2.598309	 13.258930	 -0.465512	 -0.058048	 -0.628239	
2142	 22.755787	 27.007519	 31.065418	 -0.305611	 -0.245991	 -1.307027	
2143	 38.828831	 10.868528	 35.680119	 -0.687916	  1.383292	  0.084335	
2144	 14.478992	 32.122490	 34.773804	 -1.251560	 -0.583044	 -0.504199	
2145	 22.664463	 11.443201	 19.609034	 -0.515393	  0.459452	  0.182703	
2146	 45.674084	 14.457645	 27.686720	 -0.315252	 -1.195618	  0.344772	
2147	 25.737057	  9.521049	 39.693981	 -0.641588	 -0.560041	  0.246727	
2148	 34.606552	 24.177000	 13.634620	  0.275981	  0.425120	 -0.416694	
2149	  4.476344	 18.483728	 23.330345	  0.303072	 -1.142074	 -0.094777	
2150	  9.028617	 41.053726	 37.565742	  0.455411	 -0.949297	 -0.332766	
2151	 44.827526	 47.080544	  7.541204	 -0.806910	 -0.096366	 -0.152251	
2152	 36.696964	 34.657730	 30.249973	  0.967397	  0.150383	  1.044942	
2153	 29.597618	 18.603943	 11.423316	 -0.003008	 -0.707277	  0.146611	
2154	  9.580469	 18.467220	 37.293026	  0.472494	 -0.629365	  0.119846	
2155	 17.656473	  0.340074	  5.004540	  0.606825	  0.125248	 -0.370372	
2156	 37.201385	  9.479726	 47.630203	 -0.120164	 -1.261711	  0.584993	
2157	 35.303673	  2.316695	 27.808666	  1.274780	  0.237760	 -0.630071	
2158	 42.566635	 37.231487	 44.875462	  0.073669	  0.844808	  0.743517	
2159	 30.223351	 30.214960	 26.729881	 -1.041733	 -0.352711	  0.411820	
2160	  5.013907	 14.507833	 27.602764	 -0.054458	 -0.264544	  0.180393	
2161	 13.092217	  3.345183	  6.958995	 -0.850281	 -0.018407	  0.389838	
2162	 12.190450	 13.788634	 29.806438	  0.731978	 -0.587532	 -0.102750	
2163	 18.904366	 27.994421	 22.635746	  0.869961	 -0.071953	 -1.126802	
2164	 46.025311	 12.017733	 44.072495	 -0.090290	 -0.434933	 -0.486630	
2165	 27.216234	  7.535246	 13.474957	  0.028565	  0.164139	 -0.400938	
2166	  4.473989	 14.712843	 16.830309	  0.662583	 -0.742856	 -0.411764	
2167	 36.768002	 13.978018	 36.944080	  0.003415	  0.713493	  0.673906	
2168	 13.725649	 13.907471	 35.191273	 -0.234123	 -0.550432	 -0.655653	
2169	  4.363642	 33.314323	 16.555391	  0.020252	  0.024313	 -0.107094	
2170	 16.146477	 13.269027	 41.775623	  0.097421	 -0.202993	  0.191510	
2171	 44.955898	 28.712811	 38.149151	 -0.027351	  0.225965	  0.335849	
2172	 47.889545	 25.516012	 47.759186	  0.221123	  0.102035	  0.094204	
2173	 10.384913	 28.944979	  9.190189	 -0.107871	  0.248341	 -1.495153	
2174	  3.418558	  4.680912	 28.878191	 -1.021263	  0.626226	  0.665073	
2175	 12.727095	 13.996528	 16.945271	  0.094767	  1.583759	 -0.145108	
2176	 44.458832	 40.907597	 14.968626	  0.087264	 -0.702574	 -0.967591	
2177	 24.145630	 38.211678	 21.426434	  0.265723	 -0.872310	 -0.805322	
2178	 39.966652	 47.769512	 38.784061	 -0.639141	  0.072545	  0.122274	
2179	  7.742904	 28.582937	 11.012944	  0.057020	 -0.921462	  0.664072	
2180	  2.804850	 31.129917	 34.678551	 -0.256982	 -0.969639	 -0.964882	
2181	 41.179390	 20.386909	 18.653175	  0.030548	 -0.318532	  1.203923	
2182	 21.770836	 43.152416	 16.569599	  0.349208	 -0.134773	 -0.162626	
2183	 10.168825	 31.190350	  6.325052	  0.580781	  0.559073	 -0.863672	
2184	 31.003201	 22.787407	  1.153912	  0.035129	 -0.179258	 -0.202339	
2185	 30.182428	 17.132320	 32.142834	  1.182429	  0.680919	  0.989771	
2186	 16.250301	 14.499050	 16.796534	 -1.173925	 -0.062164	 -0.080103	
2187	 28.343121	 15.180051	 11.528549	 -0.901148	 -0.185295	  0.436143	
2188	 10.368245	 46.355671	 36.897282	  0.557981	 -0.041971	 -1.121315	
2189	  7.186652	 11.105734	 44.842754	  0.633155	  0.639541	 -0.190111	
2190	 27.145967	 44.279255	 30.037651	  0.158047	  1.281899	 -0.193789	
2191	 41.936184	 11.646855	 39.287697	  0.830993	  0.363372	  0.309494	
2192	 19.111191	 14.728687	 39.796394	  0.706893	  0.665358	  0.248153	
2193	 38.761875	 11.410278	 16.398651	 -0.455108	 -0.600777	 -0.504279	
2194	 46.990513	 10.180259	  0.991723	 -0.160287	 -0.245963	 -0.391653	
2195	 16.133251	  1.781659	 28.937057	 -0.134539	  0.335745	  0.709051	
2196	 46.701328	  9.686534	 19.220150	 -0.292406	  1.216755	  0.989348	
2197	 22.642075	 21.494873	 20.330233	  0.027950	 -0.806359	  0.404018	
2198	  1.870638	  1.102726	 24.741804	 -0.395605	  1.369171	  0.325783	
2199	 40.999275	 28.610054	  2.441915	 -0.752555	 -0.013359	  0.208584	
2200	 23.116301	 25.511179	  1.107737	  0.133488	 -0.228317	 -0.005382	
2201	 13.671978	  1.993848	 38.448051	 -1.310238	  0.697864	 -0.005711	
2202	  8.700092	  7.571287	 41.602646	  0.042991	  0.075905	 -0.597958	
2203	 25.116318	 38.860241	 10.337579	  0.009058	 -0.025096	  0.367757	
2204	 16.536423	  5.482521	 24.341145	  0.605350	  0.286701	  0.569255	
2205	 32.491955	  0.445004	 16.715675	 -1.280990	  0.366928	 -0.633342	
2206	 27.682615	 12.750017	 44.139313	 -0.043649	  0.690924	 -0.235357	
2207	 34.868851	  2.178524	 47.510288	  0.427799	 -0.145640	 -0.120516	
2208	 46.628605	 33.556149	 33.453484	  0.588036	  0.277024	  0.102282	
2209	  0.985217	 46.960716	 24.095844	  0.032083	  0.975876	  0.215954	
2210	 28.757885	 17.880468	  8.116640	  0.156507	  0.049435	  0.449246	
2211	 32.766697	 19.061638	  5.016873	  0.036867	  0.195546	 -0.859150	
2212	 18.375942	 31.909714	  5.830262	  0.287028	 -0.595756	  0.417448	
2213	 46.896389	 30.991467	  9.475956	 -0.753053	 -0.575554	 -0.289126	
2214	 21.708944	  0.802976	 26.052120	  0.637497	 -0.683697	  0.815113	
2215	 28.588181	  7.420578	 33.217999	  0.370711	  0.532046	  0.373576	
2216	  2.820441	 21.867331	 27.851746	  0.529465	  0.066301	  0.366158	
2217	 23.459961	 39.460197	 16.125437	 -0.479964	 -0.042728	  0.927923	
2218	  3.662971	 27.736101	 14.970407	  0.403437	 -0.094874	 -0.344016	
2219	 37.418888	 25.983202	 23.367237	  0.158814	 -0.315235	 -0.259850	
2220	 40.032146	 24.055897	  6.010399	 -0.175420	 -0.164320	 -0.168650	
2221	 26.460552	 35.506058	 30.852079	 -0.397839	  0.383457	  1.530714	
2222	 12.680976	 25.660877	 40.915131	  0.688815	 -0.547321	  1.090524	
2223	 13.573524	 47.768467	 10.331217	  0.419814	  0.805707	 -0.461198	
2224	 22.814617	 23.241560	 47.122139	  0.686368	  0.574436	 -0.444214	
2225	 27.320892	  2.142779	 11.878795	  0.530543	 -0.634064	  0.265231	
2226	 38.228710	  9.021383	 25.576496	  0.995758	  0.323468	  1.031953	
2227	 28.993362	 12.822115	 21.201235	  0.475017	 -0.117993	 -0.147755	
2228	 25.258627	 14.757029	 15.080911	  0.277014	 -0.329053	  0.473824	
2229	  3.676122	 42.253483	 33.111351	  0.386927	  0.516072	  0.846977	
2230	 19.921799	 12.673103	 45.678616	 -0.160925	 -0.266461	 -0.003444	
2231	  1.056827	 36.340324	 18.003031	  1.111641	 -0.244503	 -0.438415	
2232	 26.441212	 44.476952	 12.346837	  1.163437	 -0.268821	 -0.161625	
2233	 14.831136	 46.404247	 34.594387	  0.638067	 -0.631100	 -0.632397	
2234	 23.120605	 19.220173	 37.325642	 -0.123830	  0.089105	  0.301799	
2235	 30.844509	  6.047680	 15.825567	 -0.274683	  0.472046	 -1.080859	
2236	 16.027924	 31.688175	 46.562862	 -0.878029	 -0.156355	 -0.687659	
2237	 40.419930	 44.299137	  0.778745	  1.193616	 -0.509368	 -0.102812	
2238	 20.152248	 20.946310	  6.443567	  0.190974	  0.695900	  0.368996	
2239	 14.998675	 44.287605	  1.660113	  0.859573	  1.045570	 -0.142616	
2240	 32.573845	 19.209314	 42.992599	 -0.306827	  0.411453	  0.434783	
2241	 33.871979	 44.386181	 46.335518	 -0.213497	 -0.403389	  0.183044	
2242	  7.242333	 37.964508	 32.265602	  0.610811	  0.453333	  0.052966	
2243	 20.102076	 12.361781	 26.139601	  0.402649	  0.281590	  0.740014	
2244	  8.754464	 21.527557	 40.388210	  0.304019	  0.176342	 -0.808404	
2245	 20.265114	  6.448978	  5.670235	  0.648387	  0.579907	 -0.235769	
2246	 43.791298	 42.502777	  6.147526	  0.147095	  0.811519	  0.760255	
2247	 21.843880	 40.958805	 29.242384	 -0.663408	  0.532317	 -0.525859	
2248	 31.581909	 30.907637	 26.832079	 -0.360513	 -0.344991	  0.132392	
2249	 43.927517	 40.092060	 21.318899	  0.469704	 -0.335626	  0.552999	
2250	  1.847376	 42.879135	 43.397717	  0.367356	 -0.100815	  0.554244	
2251	 15.344245	 21.972126	 23.925327	 -0.117033	 -0.250272	 -0.491298	
2252	 36.415352	 43.145351	 39.266872	 -0.252403	 -0.419410	  0.627513	
2253	  5.122338	 29.898394	 35.255146	 -0.718069	 -1.193088	 -0.065862	
2254	 17.861332	 20.121231	  4.091229	 -0.196936	  0.311049	  0.381797	
2255	 14.254673	 43.222832	 23.513165	 -0.604292	  0.743976	  0.139607	
2256	 40.717445	 24.752472	 14.443054	 -0.991581	 -0.072652	 -0.419549	
2257	 33.091278	 23.929283	  4.987306	 -0.301392	 -1.273644	 -0.070995	
2258	 27.880461	 30.058290	 12.882877	  0.437858	 -0.336557	 -0.341907	
2259	 10.561365	 19.479548	 14.365394	 -0.354295	  0.289523	  0.879304	
2260	 41.108437	 36.642735	 38.345928	 -0.644852	 -0.049248	  0.149623	
2261	  2.481462	 36.621346	 44.678547	  0.375861	  0.592843	  1.127981	
2262	 44.652195	  0.065243	 46.926136	  0.101168	  0.498154	 -0.956842	
2263	 40.791893	 22.453146	 25.805071	  0.421141	 -0.159825	 -0.167244	
2264	 24.147360	  1.004853	  9.125653	 -0.296746	 -0.151595	 -0.403854	
2265	 14.315382	 19.295166	 41.145420	 -0.037783	 -0.521035	  0.074325	
2266	 35.323341	 24.858236	  6.027846	 -0.077610	  1.311044	 -0.260510	
2267	  0.968092	  8.531887	  3.158030	  0.727224	 -0.307570	 -0.553778	
2268	 38.519951	 13.723648	 12.916735	 -0.494385	 -0.014070	 -0.066052	
2269	 20.094463	  0.271288	 32.147717	 -0.578740	  0.873176	  1.041389	
2270	 25.242994	 47.507729	 44.519756	 -0.526671	  0.204064	 -0.581557	
2271	 13.745850	 27.461462	 27.223381	 -1.221467	  0.000759	 -0.256612	
2272	 45.257763	 25.708895	 46.532799	 -0.011240	 -1.128191	 -0.308187	
2273	 42.526039	 39.376690	 42.566624	  0.634625	 -0.233344	 -0.282669	
2274	 43.035297	 46.050739	 13.503385	 -0.564569	 -0.983016	 -0.063045	
2275	 13.356306	 19.067446	 27.369644	 -0.266542	  0.070854	 -0.428968	
2276	  7.912171	 11.008836	 18.424410	  0.474026	 -1.075488	  0.947739	
2277	  5.114606	 37.018433	 31.576433	  0.962021	  0.123599	 -0.370516	
2278	 35.446407	  2.331222	  6.315432	 -0.211622	 -0.005535	  0.180696	
2279	 21.371031	 41.177773	 12.863701	 -0.307692	 -0.030257	 -0.425699	
2280	  2.304632	 10.741014	 25.268389	 -0.051130	 -0.740090	  0.508847	
2281	 47.088013	 35.792847	 11.195763	 -1.023033	 -1.124562	  0.546104	
2282	  0.819802	 28.626455	 24.473566	 -0.066106	  0.753133	 -0.288869	
2283	 30.353151	 25.443293	 22.785013	  0.830283	  0.105132	  0.793109	
2284	 24.830032	 30.395121	 20.708220	  0.179399	  0.269066	  0.541030	
2285	 26.962173	 46.368664	 24.215704	  0.601104	 -0.848742	 -0.630851	
2286	 38.653061	 21.088161	  2.042669	 -0.545816	  0.045057	 -0.269393	
2287	 11.650198	 28.390064	 21.424171	  0.067734	 -0.092110	 -1.414387	
2288	 36.112015	 10.338067	 46.654297	 -0.771886	  0.107348	  0.074269	
2289	 25.155140	 17.523438	  5.235154	  0.151638	 -0.497915	  0.267996	
2290	 29.453495	 47.363995	 23.634769	 -1.188662	 -0.586190	  0.563464	
2291	 18.292713	 27.622412	  2.573248	 -0.211084	  0.356237	 -0.609281	
2292	  6.564082	 36.789661	  0.215193	  0.242729	  0.139118	  0.388951	
2293	 38.010750	 10.057809	 47.692913	  0.004572	 -0.393935	  0.131646	
2294	 35.564896	 22.184143	 18.535000	 -0.647559	  1.105228	 -0.074966	
2295	  5.551007	 38.430584	 30.036461	 -0.379938	  0.693358	 -0.064730	
2296	 32.789715	 12.428858	 41.163448	 -0.604230	  0.457035	 -0.314953	
2297	 32.599239	 33.398357	 10.295853	  0.278841	  0.185705	 -1.455087	
2298	  2.884030	 19.227201	 21.659817	  0.930592	 -0.274435	 -0.752867	
2299	 29.738131	 18.258795	 28.641260	 -0.146661	  0.924461	 -0.483593	
2300	  4.575694	 21.462521	 26.541374	 -0.077981	  0.573017	  0.026826	
2301	 13.368649	 38.718460	 18.391863	  0.236481	  0.384336	 -0.266538	
2302	 14.515607	 44.120754	 31.523247	 -0.088104	 -0.215972	 -1.390830	
2303	 22.275171	 18.951448	 17.718306	  0.249557	 -0.106557	  0.172065	
2304	 15.583896	  7.736780	 18.909828	  0.926997	 -0.604191	 -0.828977	
2305	  8.754395	 46.786194	 24.434820	 -0.818701	 -0.358593	  0.545975	
2306	  6.047761	  3.261452	 34.505905	 -0.313114	  0.688188	 -0.999532	
2307	 19.551069	 25.022203	  8.900262	  0.238169	 -0.810087	 -0.773516	
2308	 33.382454	 27.609821	 31.945246	  0.567227	  0.935916	 -0.644064	
2309	 18.595690	 25.850952	 44.425400	  0.050871	 -0.149626	  0.949650	
2310	 24.796223	 27.033472	  8.534600	  0.379448	  1.411629	  0.239753	
2311	 40.497166	 30.327755	 16.372747	 -0.219465	  0.592293	 -0.818864	
2312	  3.572903	  2.384037	 15.717779	  0.442331	 -0.175122	  0.867374	
2313	 36.500507	 11.910827	 21.773888	 -0.690373	  0.690101	 -0.059098	
2314	 19.490320	 16.881201	 24.542372	  0.300646	 -0.260582	  0.190184	
2315	 36.041855	 15.335713	 32.893074	 -0.766890	  0.393651	 -0.026180	
2316	 40.817486	 32.587070	 15.686224	 -0.202236	  0.977295	 -0.317360	
2317	  2.181338	 30.249092	  7.200268	  0.351390	  0.306702	  1.024006	
2318	 17.204300	 33.299458	 35.638767	  0.251781	 -0.810808	 -0.409917	
2319	 22.530588	  2.064931	 11.303576	  0.663056	  0.747112	 -0.046691	
2320	 16.978060	 20.033724	 38.240585	 -0.207715	  0.382729	  0.095633	
2321	 20.495430	 36.843967	 45.512295	  0.052416	 -0.938912	 -0.179166	
2322	 11.915830	 23.291687	 26.671198	  1.141165	 -0.272439	 -0.325543	
2323	 30.688622	 37.350189	 44.550919	 -0.688598	  0.420432	 -0.598233	
2324	 33.763885	 16.597109	 12.798862	  0.087389	  0.206846	 -0.441343	
2325	 40.847553	 33.341053	  0.826155	  0.385118	 -0.269009	 -0.064475	
2326	 25.878296	 29.396324	 28.961823	  0.286671	 -1.039806	 -0.800417	
2327	 42.221828	 21.673306	 36.418102	  0.350886	 -0.103450	 -0.930686	
2328	 38.300362	 10.678846	 40.179211	 -0.299062	  1.051925	 -0.132101	
2329	 46.399925	 19.795704	 35.354332	 -0.486371	 -0.576484	  0.531931	
2330	 28.568754	 29.374699	 15.161645	 -0.610225	 -0.246294	 -0.305097	
2331	 29.624969	  5.022263	 13.678270	  0.538477	  0.768945	  0.344625	
2332	 19.545864	 33.422268	  1.651596	  0.011321	  1.037194	  0.383776	
2333	 37.752930	 25.407227	 38.277927	  0.563042	  0.438758	 -0.775997	
2334	  8.546117	  6.856778	  2.789181	 -0.397554	 -1.115652	  0.491440	
2335	 18.393885	  6.668293	 26.564577	 -0.272897	  0.059294	  0.576679	
2336	 43.230068	 23.356112	  2.219027	  0.336238	 -0.058110	  0.054059	
2337	 19.414219	  0.682822	 23.772097	 -0.011326	 -0.355533	 -0.663261	
2338	 18.564558	  6.505939	 19.099874	 -0.021812	  0.363261	  0.514004	
2339	 25.912949	 46.866852	 45.935371	 -0.173499	 -0.913679	  0.345502	
2340	 41.043388	 47.089985	  4.315705	 -0.234076	  0.559365	  1.182472	
2341	 13.412189	 29.449902	 33.043514	  0.788807	 -0.528722	  0.391864	
2342	 20.427923	 23.929321	  7.753779	  0.379728	 -0.062442	 -0.155370	
2343	 20.115900	 21.080133	  7.986332	 -0.281507	 -1.047987	 -0.664083	
2344	 18.671978	 46.201954	 29.013191	  0.588833	  0.004236	  0.248348	
2345	 12.938933	  9.593850	  9.023736	  0.120628	  0.815425	 -0.233926	
2346	 17.637831	  9.690969	 11.993620	  0.252497	  0.011818	  1.021557	
2347	 26.837763	 39.303982	  4.162722	 -0.074300	  0.172607	  0.580006	
2348	 18.660461	 35.365753	 32.723816	 -1.088419	  0.087630	  0.018147	
2349	 35.994991	 31.125698	 46.195927	 -0.808659	 -0.114781	  0.609285	
2350	 40.607124	 22.798664	 46.695621	  0.485277	 -0.664280	 -0.986751	
2351	 14.304458	 37.131947	 43.388401	  1.133628	  0.510074	  0.062856	
2352	 34.510826	 41.394928	 11.993006	  0.219436	 -0.223103	 -0.251942	
2353	 16.610077	 17.138088	 26.638407	  1.242362	  0.252968	  0.366127	
2354	 16.883507	 47.715904	 37.245789	 -0.867874	  0.155142	 -0.594693	
2355	 24.719490	 43.669579	 22.929192	  0.074620	 -0.190604	 -0.487788	
2356	 22.133532	 30.110260	 27.915762	  0.538160	  0.662868	 -0.520567	
2357	 22.538851	 41.904041	 37.154243	 -0.002252	 -0.825950	  0.072317	
2358	  3.844822	 29.320827	 30.467445	  0.648371	 -0.092954	  0.356590	
2359	 40.176926	  2.834044	  1.873780	  0.036897	 -0.287271	  0.957138	
2360	 33.179752	 36.695061	 31.991463	 -0.910095	 -0.074863	  0.441888	
2361	 43.609364	 46.792305	 10.904037	  0.109318	  0.700030	 -0.260521	
2362	 38.066380	  8.424320	 46.665092	  0.677587	 -0.635603	 -0.369980	
2363	 19.672665	 34.030491	 44.231384	 -0.345300	 -0.597006	  0.438837	
2364	  5.226608	 22.636513	 23.796200	  0.460453	 -1.005021	 -0.098495	
2365	 24.999670	 36.078411	 15.303295	 -0.571618	 -0.477033	 -0.232416	
2366	 33.066826	 46.311974	 43.794819	 -0.111476	  1.344311	  0.918021	
2367	 32.966892	 27.985079	 35.133293	  0.643028	 -0.223285	 -0.543979	
2368	 39.468010	 25.009153	 43.701195	 -0.677147	  0.026028	  0.133902	
2369	 36.254017	 40.006828	 32.163055	 -0.353134	  1.126322	 -0.853519	
2370	 18.115568	 43.160671	  4.654503	  0.386469	 -0.618617	 -1.485805	
2371	 46.561325	 37.084415	 13.616781	  0.610758	  0.891533	 -0.438790	
2372	 15.500841	 15.217822	 16.520185	  0.485914	 -0.781879	 -0.083808	
2373	  2.770039	 43.350929	 42.691433	  0.499909	  1.038365	 -0.183194	
2374	 43.541996	 13.043248	  1.580563	  0.232380	  1.129171	 -0.259157	
2375	 27.384621	 33.823364	 30.297007	 -0.404184	  0.371011	  0.434283	
2376	 31.446400	 28.412178	 41.756592	 -0.467667	 -0.089053	  0.680732	
2377	 14.696782	 33.414162	 21.250874	  0.756697	  0.542434	  0.784565	
2378	 26.882195	  7.225294	 38.623043	  0.992575	 -0.120308	 -0.017917	
2379	  4.404863	 22.557489	  6.788557	  0.955855	  0.724084	 -1.020589	
2380	 14.932222	  3.436087	 31.405937	 -0.174341	 -0.382975	 -0.571351	
2381	 30.598915	 14.889773	 12.738932	  0.356201	 -0.791232	 -0.196071	
2382	 40.156509	 47.135807	  7.270417	  1.042173	  0.018487	 -0.518697	
2383	 38.432022	  0.978145	  8.011579	  1.016543	 -0.828836	 -0.746712	
2384	 14.044001	 23.021473	 29.227200	  0.052272	 -0.164768	  0.778841	
2385	 19.061640	 17.814148	 26.436357	  0.238298	  0.957880	  0.090853	
2386	 30.042612	 24.972786	 27.211836	  0.068910	 -0.200184	 -0.661247	
2387	 12.660442	 18.093832	  4.438855	 -1.006962	 -0.722924	 -0.843410	
2388	 23.114605	 38.764442	 26.264812	  0.153145	  1.026355	 -0.278024	
2389	 15.118309	 34.343197	 24.865641	 -0.217433	 -0.142985	  0.364372	
2390	  8.164195	 28.075630	 30.385183	 -1.121435	  0.116173	  0.462276	
2391	  1.385680	 24.520012	  8.382174	  0.625806	  0.597615	 -0.778349	
2392	  9.021523	 23.989431	  7.667841	  0.010876	 -0.234758	 -0.431452	
2393	 46.980743	 23.778463	 46.065285	 -0.560723	  0.455050	  0.053589	
2394	 17.658287	 12.225222	 46.077000	 -0.761697	 -0.332819	 -0.054823	
2395	 30.565895	 32.247990	 36.848515	  0.459534	 -1.002358	  0.230029	
2396	 12.182220	  2.924379	 19.458015	  0.389903	 -0.637980	 -0.508637	
2397	 31.999331	 11.517326	 37.188824	 -0.448080	 -1.259984	  0.961900	
2398	 29.721579	 36.965420	 43.515442	  0.420675	 -0.610554	  0.809608	
2399	 17.822790	 16.461504	 21.837397	  0.876122	 -0.683853	  0.006454	
2400	 16.704556	 30.192223	 14.622884	 -0.685534	 -0.905540	  0.401211	
2401	 13.172568	 24.442612	  3.699283	  1.201358	  0.223180	 -0.360510	
2402	 24.574284	 43.222820	 29.438484	  0.336755	 -0.672663	 -0.845730	
2403	 40.947807	  8.877387	  6.409959	 -0.685253	 -0.021636	  0.226865	
2404	  3.945342	 42.543194	 14.656131	  1.525934	 -0.129963	  0.457971	
2405	  3.597852	 11.000587	 25.742659	  0.636592	  1.032512	  0.516392	
2406	 40.532520	 17.079809	 12.870095	  0.259131	  0.662412	 -0.005392	
2407	 33.726089	  3.835999	 40.948185	 -1.081838	 -0.737382	  0.379097	
2408	 30.457706	 41.060928	 24.197140	 -0.808624	 -0.657228	 -0.556220	
2409	 38.488976	 18.057468	 29.202614	 -0.829218	 -0.652286	  0.371281	
2410	 43.226093	 18.681610	  6.801698	  0.085542	 -1.191183	  0.029394	
2411	 29.537336	 42.036034	 41.898739	 -0.065668	  0.090363	 -1.021902	
2412	 30.927280	  2.631887	 14.340075	 -0.043766	  0.095753	 -0.394571	
2413	  4.020605	 10.008857	 24.006142	 -0.085535	  1.454533	 -0.189128	
2414	 44.875782	 36.944496	 25.065744	 -0.094450	 -0.255818	  0.379223	
2415	 33.768650	 27.843197	 31.797661	 -0.166591	 -0.472751	 -0.104967	
2416	 47.522293	 39.876884	  8.897172	  0.660147	  0.223358	 -0.135001	
2417	 30.642040	 18.901102	 30.854481	  0.125231	 -0.097221	 -0.804107	
2418	 24.514551	 38.618534	 19.844429	  0.291386	  0.545237	 -0.169934	
2419	 33.338097	  1.377353	  4.337224	  0.158407	  0.785140	  0.419408	
2420	 44.850712	 33.317657	 34.276600	  0.251238	 -0.429202	  0.623944	
2421	 21.881039	 20.376127	 35.722404	 -0.060737	  0.102016	 -0.165556	
2422	 31.799740	 31.485146	  0.204039	  0.105454	 -1.527678	 -0.705284	
2423	  2.735792	 24.377087	 30.764750	  1.163512	 -0.197871	 -0.281130	
2424	 33.479221	 39.824905	 13.640526	  0.290839	 -0.025691	 -1.105843	
2425	 18.051630	 27.132214	 38.664143	 -0.305100	 -0.631531	 -0.941070	
2426	  6.034540	 27.746420	  7.128107	  0.434001	  0.482505	 -0.760810	
2427	  0.953997	 11.197092	 32.120823	  0.522107	  0.794326	  0.334376	
2428	 38.994026	 17.105856	  1.564064	 -0.612189	 -0.027850	  0.491548	
2429	 12.737527	 38.424454	  0.450390	 -0.231608	 -0.599883	 -0.061962	
2430	  6.190351	  7.362973	 24.026489	 -0.120350	  0.044560	 -0.480127	
2431	 42.663818	 34.048531	 22.977211	 -0.791868	  0.480554	 -0.481597	
2432	 27.134426	 32.162865	 22.433359	  0.667576	  0.000248	  0.458229	
2433	 44.226105	 11.348437	 34.500866	  0.437933	  0.398848	  0.029785	
2434	 25.120642	 18.733171	 20.154060	  0.546799	 -0.604829	 -0.064064	
2435	  0.952136	 39.413910	  8.004732	 -0.342386	 -0.435761	 -0.420660	
2436	 15.653641	  6.044554	  1.393581	  0.336102	  0.590671	  1.155502	
2437	  2.202725	  8.034361	 32.437046	 -0.434141	  0.002821	  0.185763	
2438	 11.536833	 32.864380	 29.534035	  0.768245	 -0.122656	  0.397940	
2439	  3.896805	 42.241737	 19.372160	 -0.494159	 -0.869720	 -0.203008	
2440	 35.255646	 31.627975	 45.989010	  0.886670	 -0.210251	  0.673626	
2441	 38.523342	 13.424586	  5.839504	 -0.709642	  0.174766	 -1.267876	
2442	 26.106258	 10.623665	 20.133066	 -1.148089	  0.564129	  0.671026	
2443	 47.779552	 21.674355	 31.252180	 -0.067074	  0.708173	 -0.702846	
2444	  3.296419	  4.090240	 44.997055	  0.373568	 -0.317628	  0.043073	
2445	 15.858507	 14.263129	  7.417020	  1.237362	  0.014103	 -0.214680	
2446	 29.581867	 43.076725	  8.995318	  0.809982	 -0.825492	 -0.027022	
2447	 27.383419	 10.740282	 24.042032	 -0.644230	 -0.282553	  0.739124	
2448	 16.069416	 34.676914	  1.878245	 -0.323677	  1.072079	 -0.681774	
2449	 25.467800	 39.481224	 27.784204	 -0.221600	 -0.325120	 -0.257262	
2450	 19.869936	 42.173721	 18.917042	 -0.757812	  0.356295	 -0.688912	
2451	 31.263155	  2.974571	  3.209663	  0.112944	  0.069385	 -0.901985	
2452	 16.366150	 29.138353	  6.624504	 -0.775435	  0.435913	 -0.523248	
2453	 21.006165	 40.926418	 38.956875	 -0.277478	 -0.330378	 -0.881049	
2454	 16.936831	 41.721443	 42.997864	 -0.381752	  0.141996	  0.588950	
2455	 23.736395	 46.861778	 12.930349	 -0.955748	 -0.020901	  0.293442	
2456	 19.158394	  3.835205	  4.912632	 -0.536647	  0.391214	 -0.030952	
2457	 28.574629	 44.350090	  5.004107	  0.064949	  0.364486	  0.112327	
2458	 23.653723	  2.477463	 46.091331	 -0.095075	 -0.230616	 -0.385708	
2459	 44.313129	 43.517933	 46.326275	 -0.279912	 -0.183092	 -0.156948	
2460	  0.233028	 41.422626	 20.666042	 -1.337428	 -0.407064	 -0.191161	
2461	 35.932835	 19.579010	 38.454529	  0.210545	  0.193222	  0.350360	
2462	 44.327675	  0.943709	 47.946472	  0.602137	  0.475358	 -0.246877	
2463	 26.021276	  8.322001	 10.032392	 -0.314581	 -0.748534	 -0.583725	
2464	 14.626871	 20.305492	 37.062386	 -0.139070	 -0.777028	  0.358163	
2465	  7.564709	  3.975307	 21.140703	 -0.282377	  0.074657	 -0.555027	
2466	 16.834028	  9.188437	 17.209448	 -0.069531	 -0.678774	  0.530287	
2467	 17.580782	 35.028473	  7.292183	  0.927078	  0.004246	 -0.352267	
2468	 37.506886	 24.350117	 16.016964	  0.258860	  0.112149	 -0.753963	
2469	  7.476701	  4.313512	 28.706612	  0.134924	 -1.083657	  0.033371	
2470	 32.378448	  6.955135	  2.683099	 -1.153416	 -0.577715	 -0.535045	
2471	 35.073257	 13.506164	 25.587547	  0.104568	  0.123655	  0.655748	
2472	 21.157057	 28.345112	 47.364086	 -0.711314	 -0.243763	  0.288061	
2473	 11.307893	 43.226315	 22.820780	  0.808307	  1.048753	  0.272568	
2474	  7.504245	 12.547359	 20.245150	  0.344639	 -0.892414	  0.156226	
2475	 42.197342	 26.109266	 29.537319	 -0.487816	  0.701811	  0.499158	
2476	  1.573821	 11.187181	 33.015320	  0.136086	 -0.358439	 -0.574774	
2477	 38.141300	 40.822353	 14.527982	  0.085301	 -1.014679	  0.126732	
2478	 15.197573	 42.733746	 39.711491	 -0.001925	 -0.057296	  0.050588	
2479	 41.993366	 39.326187	 38.218765	  0.485227	  0.711029	 -0.508914	
2480	 35.475124	 38.443871	 16.651217	 -0.237856	 -0.143113	 -0.362927	
2481	 36.969975	 32.569553	 22.460714	  0.122482	  0.905282	  0.766158	
2482	 34.507446	  0.901749	 41.048618	  0.174496	  0.303964	 -0.198391	
2483	 22.608749	 21.826420	 32.325256	 -0.978326	 -0.337242	  0.473009	
2484	 19.903759	 41.555767	  6.033527	 -0.533622	  1.081471	  0.560665	
2485	 24.295410	 20.186090	 35.287952	  0.041374	 -0.541102	 -1.209643	
2486	  1.717137	  1.976745	 17.865200	  0.920844	 -0.297605	 -0.251947	
2487	 47.643353	  8.925068	 37.615589	  0.572941	  1.376004	  0.873148	
2488	 36.061474	 39.194519	 22.397730	  0.216616	 -0.994011	 -0.051069	
2489	  0.100442	  0.853140	 20.119793	  0.062062	  0.284353	 -0.852954	
2490	 10.693400	  0.791281	  1.469099	 -0.663131	  0.828425	  0.198600	
2491	 41.237000	 26.237944	 44.404079	 -0.165035	 -0.950791	 -0.557115	
2492	 22.130816	 27.910433	 10.084251	 -0.011402	  0.518912	 -0.614982	
2493	 36.750927	 22.347147	 13.128165	  0.738874	  0.099208	  0.001368	
2494	 43.427853	 33.936390	 12.994524	  0.261073	 -0.346969	  0.417617	
2495	 42.744541	  8.753518	  7.425540	 -0.511518	  0.760291	  0.699495	
2496	 16.821865	 27.257198	 18.558296	 -0.545438	  0.198874	  0.379601	
2497	 43.983421	 29.778049	 39.940632	 -0.110270	 -1.140142	  0.053477	
2498	 24.980183	 25.534889	 38.289974	 -0.237300	 -0.046328	  0.470170	
2499	  8.363951	 46.750248	 12.309668	 -0.731442	  0.446163	  0.715745	
2500	  2.539134	  4.757322	 30.053471	  0.179321	 -0.496809	 -1.243204	
2501	 42.876026	 38.070030	 18.321712	 -0.067796	 -0.036311	 -0.706109	
2502	 41.778156	 32.774334	  4.209281	 -0.639964	  0.919499	  0.217788	
2503	 33.773399	 33.228374	 39.575150	 -0.355886	  0.194781	 -0.893976	
2504	 44.135532	 31.391558	 35.685951	 -0.166489	  0.493406	 -0.763566	
2505	 40.572472	  2.451501	 14.273075	  0.788214	 -0.679076	 -0.515509	
2506	 15.372356	 37.968201	 46.938789	 -0.412406	  0.255843	 -0.412777	
2507	  7.759555	  8.073994	  1.032080	 -0.601484	  0.004631	 -0.590820	
2508	 18.989025	 40.979912	 17.161226	 -0.432215	 -0.858539	  0.458865	
2509	  5.068748	 33.397804	 32.939068	  0.621420	 -0.064576	  0.374634	
2510	 47.522198	 42.068375	  2.547126	  0.028139	 -1.207060	  0.975285	
2511	 43.118893	 34.779369	  3.350263	 -0.368005	 -1.004136	 -0.260567	
2512	  2.823223	  6.372883	 44.846706	 -0.578876	 -0.814674	  0.997986	
2513	 27.224705	  4.184029	 20.362123	 -0.546332	 -0.954889	  0.064356	
2514	 21.704477	 14.865288	 30.794239	  0.159972	  0.227127	  0.121854	
2515	  9.375889	  6.580801	 40.468166	  0.464775	 -0.616252	 -0.045188	
2516	 25.963999	 15.061537	  3.808896	 -0.636140	 -0.228921	 -0.722056	
2517	 33.888535	 21.319965	  7.050217	  1.118049	 -0.178717	 -0.201568	
2518	 23.320124	  3.781674	 21.461462	  0.189629	  0.200166	  0.214062	
2519	 22.564268	  7.949116	  2.542350	  0.662401	  0.277750	  1.140442	
2520	 44.609356	 40.530022	 10.576251	 -0.256555	 -0.291872	  0.727229	
2521	 33.972530	 36.278477	 33.366123	 -0.014347	  1.016114	  0.047228	
2522	 37.378967	 36.802925	 45.337891	  0.764327	  0.726188	 -0.053994	
2523	 41.078632	 47.363262	 10.922421	 -0.795646	  1.109387	 -0.583387	
2524	  1.075055	 46.667217	 29.161358	  0.664896	 -0.457637	 -0.789307	
2525	 27.815706	 39.806431	 33.216446	 -0.798607	 -0.640423	  0.566845	
2526	 16.102028	 24.325132	 21.346689	  1.091794	 -0.374592	  0.001939	
2527	 37.363033	 31.751762	 32.980091	  0.883243	  0.143878	 -0.206884	
2528	 41.418346	  4.653869	  5.804076	 -0.674190	  0.067934	 -0.149243	
2529	 31.634007	 43.534138	 24.193354	 -0.384617	 -0.055167	 -0.648268	
2530	 30.819679	 37.982258	  2.118387	 -0.034944	  0.174814	 -0.444482	
2531	 12.358597	 18.198828	 13.379293	  0.584015	 -0.329372	  0.416980	
2532	 23.175911	 26.691273	 19.171339	 -0.353498	  0.103945	 -0.210916	
2533	 34.103397	  6.614656	 47.518585	 -0.613275	 -0.638009	 -0.539003	
2534	 13.146912	 35.436062	  5.727306	 -0.640194	  0.306034	  0.139235	
2535	 27.702398	 43.804035	 27.239470	 -0.835176	  0.047896	  0.547893	
2536	 31.658701	 37.787460	 32.473175	 -0.423608	  0.483920	 -0.313679	
2537	 11.775423	 29.801771	 31.418287	 -0.280206	  0.027839	  0.909131	
2538	  4.198337	 17.911722	 12.722084	  0.444603	 -0.013796	  0.705060	
2539	 39.325863	 34.300907	  9.583693	  0.246469	 -1.224323	 -0.870049	
2540	  9.759209	 21.315992	 22.943058	 -0.916306	 -0.739849	  0.765069	
2541	  7.832931	 13.702377	 22.723358	 -0.049629	  0.423060	 -0.161390	
2542	 14.667351	  0.264334	 35.390575	 -0.228366	  0.394530	 -0.293067	
2543	 36.935314	  1.700870	  6.092810	  0.028375	  0.372231	 -0.398150	
2544	 17.722200	  6.795115	 17.678762	 -0.117812	  0.306415	  0.587572	
2545	 17.242878	 36.610630	 35.033787	  0.542781	  0.029801	  0.685686	
2546	  6.895226	  6.660900	 34.246304	 -1.078409	  0.655533	 -0.339555	
2547	 15.200481	 19.537212	 14.143310	  0.194952	  0.026077	 -0.564450	
2548	 11.869643	 44.948467	 33.199421	  0.118333	  0.004374	  0.445613	
2549	 22.576735	  5.310819	 20.614227	 -0.176448	 -0.520418	 -0.591847	
2550	 15.371330	 15.452873	 34.660900	 -0.380041	 -0.195376	 -0.122813	
2551	 40.256527	 39.131218	 29.821417	  0.417437	 -0.312304	  0.139232	
2552	 14.500460	 24.941048	 14.803689	  0.687843	 -0.396438	  0.041726	
2553	 12.566154	 43.545097	 44.640228	 -0.230236	 -0.091757	  0.390841	
2554	 18.149452	  8.786057	 32.970440	 -0.032280	 -0.526254	 -0.996021	
2555	 18.154366	 31.539721	  7.042223	 -0.677670	 -0.759678	  0.544965	
2556	 40.397228	 40.527081	 18.368263	 -1.607000	  0.595931	  0.378199	
2557	 28.261909	 12.358711	 19.890612	  0.338897	 -0.469757	 -0.797376	
2558	 26.476725	 25.548584	  1.157759	  0.891989	  0.995694	  0.236387	
2559	 22.406128	 39.846954	 15.398992	  1.269686	 -0.239216	 -0.087796	
2560	 31.112232	  6.340904	  6.504134	  0.140844	  0.263938	 -0.713077	
2561	  1.516677	 44.164425	  9.708732	 -0.313868	  0.100656	  0.122021	
2562	 43.746246	 13.167332	 11.440097	  0.772265	 -0.558838	  0.988302	
2563	 43.390514	  7.860875	  2.711480	 -0.040400	 -1.293515	 -0.441508	
2564	 30.096554	 34.470516	  1.147866	 -0.238228	 -0.381239	 -0.124458	
2565	 32.414570	 42.136784	 44.484917	  0.826015	  0.109066	 -0.398926	
2566	 20.141455	 38.960064	 11.018160	  0.486509	 -0.262821	 -0.079852	
2567	 19.236780	 47.741810	 40.807838	  0.761528	  0.239510	 -0.045938	
2568	 20.216211	 44.292290	 18.392174	 -0.834426	  0.821675	 -0.657738	
2569	  8.318213	 30.313686	 40.871227	  1.163947	 -1.139908	  0.026686	
2570	  4.975597	  2.423695	 42.149719	 -0.601402	  1.070922	  0.569020	
2571	 31.197994	 41.120399	 19.301050	  0.387454	 -0.262500	  0.204917	
2572	 45.823475	 42.110790	 47.784447	  0.216316	  0.498234	  0.351761	
2573	 42.465954	 14.875097	 20.258924	 -0.240789	  0.671035	  0.379708	
2574	 44.900887	 18.539579	 47.248871	 -0.319445	  1.108489	  1.153870	
2575	  9.227743	 47.902519	 21.719128	 -0.609785	 -0.107351	 -1.017385	
2576	  0.064462	 43.171898	 33.883377	 -0.113051	  0.225988	 -0.372792	
2577	  2.334718	 44.184036	 35.981110	 -0.465185	  0.719640	  1.166708	
2578	 29.417868	 21.625090	 12.045194	 -0.418989	 -0.745889	  0.309491	
2579	  6.042131	 14.829465	  7.037686	  0.848897	  0.575329	  0.709093	
2580	 46.765953	  8.749109	 16.331841	  0.410017	  0.302157	 -0.476849	
2581	 10.278315	 33.874626	  2.748150	 -0.057546	  0.697872	 -0.305726	
2582	  9.323233	  3.181121	  5.020116	  0.177799	  0.469544	  0.046595	
2583	  9.358727	  0.292855	 33.035290	 -0.846291	 -0.962973	 -0.812728	
2584	 46.457970	 21.206369	 46.291950	  1.567260	  0.368917	  0.342464	
2585	 34.953674	  1.850839	 40.302059	 -1.228674	  0.104253	  0.500979	
2586	 46.137661	 25.523628	 22.595144	  0.422270	  0.116423	 -0.112354	
2587	 38.878563	  0.263527	 17.512278	 -0.940856	 -0.093337	 -0.141537	
2588	 10.212516	 47.859959	 45.472076	 -0.636667	 -0.309042	  0.449912	
2589	  7.239431	 22.273840	 19.602571	 -0.517239	  0.804759	  0.288711	
2590	 32.713280	 11.788541	 47.211555	  1.141896	 -0.570006	  0.022444	
2591	 15.564405	 41.193352	 17.296799	  0.524800	  0.225751	  0.867568	
2592	  0.457858	 47.893852	 17.103987	  0.249620	  0.199768	  1.116056	
2593	  6.708642	  7.406823	  6.474951	  0.420543	  0.481860	 -0.427627	
2594	  8.498011	 41.762699	  1.070383	  0.273431	 -0.488977	 -0.594656	
2595	 25.928337	  0.342809	 39.403919	 -0.516614	  0.629744	 -0.238427	
2596	 18.420406	 18.221056	 16.814747	 -0.880853	 -0.179458	 -0.289255	
2597	 26.583199	 41.978928	 44.492737	 -0.700605	  0.233453	 -0.651370	
2598	 11.492476	 11.936717	 21.333843	 -0.232408	  1.101567	  0.205647	
2599	 31.594927	 23.046701	 39.601212	  0.052845	 -0.092468	  0.872801	
2600	  5.967666	 17.978186	 30.594145	  0.835935	 -0.490481	  1.012127	
2601	 14.375140	 16.504873	 42.188828	 -0.445414	  0.004513	 -0.206051	
2602	 25.922140	 13.617909	 46.831379	  0.112180	  0.120396	 -0.064521	
2603	 22.118891	 18.923115	 21.408850	 -0.016065	  0.650913	  0.391662	
2604	 21.583080	 15.635328	 21.001514	  0.327082	 -0.237353	  0.038533	
2605	  3.494811	 20.775551	 31.237490	 -0.432242	 -1.187020	  0.175905	
2606	 35.985569	 46.326759	 34.536350	  0.175728	  0.050527	  1.206866	
2607	 24.159584	 26.408607	  4.820095	 -0.193921	  0.429933	 -0.446246	
2608	 38.487389	 16.461897	  2.350960	 -1.062400	  0.461460	 -0.188256	
2609	 43.296581	 23.622910	 14.636427	  0.664840	 -0.175548	  0.498087	
2610	 22.420355	 18.960661	 19.760223	  0.696197	  0.273832	 -0.852382	
2611	 34.586960	 42.376896	 12.555418	  0.080557	 -0.212988	  0.564815	
2612	 30.609528	 41.961445	  5.667310	 -0.845032	 -0.085092	  0.142218	
2613	  5.163787	 14.027972	 12.410490	  0.004288	 -0.366279	  0.317794	
2614	 39.390781	  1.980032	  6.599806	 -0.125050	  0.761552	  0.537040	
2615	 39.679962	 26.604076	 16.534210	  0.328958	 -1.106540	 -0.425192	
2616	 35.066826	 32.418327	 26.565647	 -0.225823	 -0.300828	  0.066786	
2617	 13.734046	 45.618999	 44.684647	  0.329936	  1.110979	  0.089690	
2618	 25.816687	 11.024909	 29.140123	  0.195888	  0.105539	  0.464086	
2619	 30.759811	 37.038448	 45.349133	  0.178724	  0.233793	 -1.144512	
2620	 43.554493	  8.172749	 42.521389	 -0.656498	 -0.386954	 -0.630670	
2621	  9.605334	  7.703570	 17.836903	 -0.445229	 -0.409101	 -0.410912	
2622	 36.992821	 19.015949	 36.158028	 -1.095221	  1.202118	 -1.091228	
2623	  4.004134	  4.448333	 33.693817	  0.569984	  0.206510	  0.024568	
2624	  3.339083	 10.802568	 42.177513	 -0.436884	  0.604321	  0.180517	
2625	 32.399681	  3.773054	 31.301895	 -0.037841	 -0.484541	 -0.336020	
2626	  3.834155	 18.886009	 39.968731	 -0.270111	 -0.452163	  0.520588	
2627	 13.973318	 11.324222	 21.142273	  1.026999	  0.727801	 -0.259693	
2628	 11.438913	 10.311005	 14.743582	 -0.173147	  1.451838	  0.573130	
2629	 46.347153	 30.120148	 47.630379	 -0.418684	  0.267372	 -0.903289	
2630	 17.032583	 42.892452	 33.231277	 -0.183826	  0.187414	  0.338724	
2631	 30.918800	 44.004864	 43.874748	  0.340564	 -0.707279	 -0.126873	
2632	 41.388687	  6.055787	 25.250668	  0.428412	 -0.071200	 -0.340158	
2633	 31.046541	 35.922455	 36.232048	  0.343816	  0.674174	  0.281508	
2634	 27.778393	 29.901365	 13.839088	  0.726259	 -0.794832	 -0.422351	
2635	  5.208963	 16.427086	  5.413832	  0.534241	 -0.277989	 -0.553175	
2636	 20.094481	 38.488956	  9.477464	  0.132143	 -0.158233	  0.914755	
2637	 47.585419	 35.679928	  2.769162	 -0.431457	 -0.806575	 -0.194295	
2638	 14.131668	 26.375937	 26.767868	  0.753962	  0.585995	  0.027375	
2639	  2.178022	 10.288303	  5.775240	  0.463668	 -0.534646	 -0.654843	
2640	 45.398827	 29.938923	 19.165068	 -0.181395	 -0.191249	 -0.285517	
2641	 39.784691	 17.688942	 34.371639	  0.014013	 -1.214943	  0.288384	
2642	 40.470318	 23.507641	 45.498581	 -0.906823	 -0.065853	  0.151200	
2643	  4.490340	 22.078600	 20.413584	 -0.335486	 -0.177709	  0.815996	
2644	 45.550087	  1.290820	 41.175343	  0.649346	 -0.432079	  0.625825	
2645	  7.896610	 32.413380	 41.897072	 -1.060898	 -0.068480	 -0.272968	
2646	 11.496457	 24.667221	 12.213377	  0.722503	 -0.000795	 -0.343166	
2647	 28.149357	  8.272100	 29.111919	 -0.354611	 -0.330054	  0.708146	
2648	 29.887604	  1.292386	 33.991924	  0.094914	  0.136547	 -1.373432	
2649	 39.400215	 15.096853	 19.271513	  0.343300	  1.027816	 -0.205497	
2650	  9.742443	  4.733093	  6.438334	 -0.520918	  1.015754	 -0.382608	
2651	 41.507889	 12.614861	 41.241177	  0.177466	 -0.601400	  0.225093	
2652	 37.803097	 43.060024	  6.624101	 -0.087047	 -0.925897	 -0.060702	
2653	 24.398102	 46.480240	 36.486683	  0.616153	 -0.268514	  1.241945	
2654	  2.987395	 14.872849	 30.716282	  0.605574	 -0.474174	 -0.498040	
2655	  9.078753	 46.720726	 35.623955	 -1.168821	  0.045633	 -0.338898	
2656	 16.246754	 44.878166	 46.184750	  0.291781	  0.126600	  0.164035	
2657	  0.841113	 46.857788	 23.640541	  0.379885	 -1.540079	  0.511680	
2658	 17.573784	 16.711861	 39.186592	  0.027388	 -0.352570	 -1.098063	
2659	  2.886813	 34.006889	 18.707695	  0.206425	 -0.485890	 -0.444853	
2660	  0.078988	  8.709831	 30.991171	  0.466882	 -0.004209	 -0.784046	
2661	 11.585013	 20.261932	 23.085428	  0.846460	  0.666487	 -0.072486	
2662	 22.695023	  8.347372	 40.334854	  0.069956	  0.401412	 -1.224262	
2663	  5.540701	 13.162946	 33.125793	 -0.796284	  0.426717	 -0.239511	
2664	 11.286222	 27.608543	 14.082596	 -0.223450	  0.129087	 -0.033991	
2665	 42.897717	 36.416142	 11.055450	  1.074166	 -0.300020	 -0.349918	
2666	 17.853971	 30.115051	 14.512640	  0.685845	  0.669325	  0.424373	
2667	 30.645897	 31.662525	 17.720409	 -0.423240	 -0.075193	 -0.068610	
2668	 39.572906	 34.803589	 39.054844	  0.054953	  0.289170	  0.161167	
2669	 44.796741	  6.476384	  0.317874	  0.274858	  1.090147	  0.011974	
2670	 19.905947	 19.456881	 41.498051	  0.137337	 -0.239870	  0.096213	
2671	 19.633463	 37.182293	 11.004246	 -0.023236	 -0.905287	 -0.344093	
2672	 34.166023	 24.406519	  8.074142	 -0.160465	 -0.371347	 -0.795616	
2673	  2.130242	 10.392932	  1.070896	  0.023755	 -0.811896	 -0.027127	
2674	 43.442036	 15.506091	 25.625807	 -0.062173	  0.401731	 -0.291972	
2675	 42.990963	 12.674577	 45.797363	  0.815817	  0.640194	  0.067879	
2676	 15.978415	 39.499306	 19.183968	  0.564245	  0.098580	 -0.441733	
2677	  1.519383	 30.054964	 19.152210	  0.874029	  0.005465	  0.622717	
2678	  7.933018	 29.472420	  3.426965	 -0.001589	  0.453639	 -0.713301	
2679	 23.598892	 39.742184	 19.875254	  0.582667	  0.363515	  0.078874	
2680	 46.658249	  6.810761	 18.232510	 -0.227262	  0.318802	 -0.119983	
2681	 13.576982	 28.631628	 31.529928	 -0.255481	  0.619762	  1.056567	
2682	 45.745983	 28.605871	 37.767353	 -0.059512	 -0.241203	 -0.528981	
2683	 28.043228	  2.641960	 44.316998	  0.424843	 -0.576675	 -0.830924	
2684	 41.802860	 20.784346	 13.009210	  0.221765	  0.120805	  0.755353	
2685	 43.590240	 25.324223	  0.762585	  0.111375	 -0.465824	 -0.243268	
2686	 30.984503	 46.968998	  0.154178	  0.050608	 -0.999404	 -0.967981	
2687	  8.424685	 37.158512	  7.690029	 -0.312105	  0.737098	 -0.296582	
2688	 32.158699	  4.896357	  7.620133	 -0.587307	  0.769750	 -0.163870	
2689	 21.359381	 26.616020	 14.877413	  0.133789	  0.476964	 -0.463510	
2690	  5.920382	 42.536537	 17.964569	 -0.629268	 -0.008470	  0.778555	
2691	  1.040012	 29.353342	  8.818477	 -0.108051	 -0.560135	  0.213111	
2692	 46.410671	  1.869227	 41.789169	  0.657163	  0.114642	 -0.369850	
2693	 23.384644	 47.456787	 27.918070	  0.445030	  0.271033	  0.330823	
2694	  5.842422	  1.239629	 41.004173	  0.217358	 -1.502931	  0.319761	
2695	 46.914883	  5.811585	 13.411592	 -0.244036	 -0.352178	  0.273433	
2696	 32.393070	 38.509537	 20.542110	  0.044274	 -0.110192	 -0.284630	
2697	 26.538065	 17.719261	 22.652084	  1.173560	  0.143153	 -0.100253	
2698	 21.395988	  7.827928	 36.140953	 -0.604215	  0.699711	  0.335071	
2699	 37.972908	 42.496502	 19.995739	 -0.696015	  0.171646	  0.362913	
2700	 14.507041	  3.225173	  0.209059	 -0.202114	  0.164654	  0.159599	
2701	 24.098122	 46.302120	 26.244930	  1.136584	 -0.038949	 -0.176106	
2702	 23.119696	  6.272470	  5.867765	 -0.785277	  0.879161	 -0.398814	
2703	 11.803435	 45.771980	 29.067842	  0.156512	  0.576384	  0.202332	
2704	  3.942179	 18.094841	 31.372370	  0.135175	 -0.149235	  0.421199	
2705	  9.992404	 13.088387	 26.351362	 -0.145012	  0.355475	 -0.234720	
2706	 25.448442	 40.259708	 18.833340	  0.624304	  0.184056	 -0.417415	
2707	 25.359200	 21.187181	 12.526857	  0.358745	  0.992545	  0.234769	
2708	 40.177818	  7.433485	 38.235409	  0.548368	 -0.409655	  0.980885	
2709	  2.371244	  4.978490	 37.496849	 -0.207902	  0.780876	  0.289630	
2710	  0.458058	 26.363150	  8.346081	  1.266460	 -0.135980	 -0.441348	
2711	  7.254575	 29.135588	 22.364529	 -0.646931	 -0.333706	  0.100027	
2712	 45.487625	  6.210747	 21.978258	 -0.129738	  0.610863	 -0.008327	
2713	 34.838703	 25.310642	 45.183270	 -0.509847	 -0.552948	 -0.517983	
2714	 26.796101	 15.178447	 30.266224	 -0.504257	  0.366578	 -0.875642	
2715	 30.704279	  4.953682	 25.855612	 -0.143780	  0.432591	  0.361879	
2716	 22.521807	 21.383999	 20.789719	  0.249241	 -0.121198	  0.438446	
2717	 36.194847	 21.555599	  8.926471	  0.302718	  0.942820	 -0.333882	
2718	 23.069424	 42.339279	 41.500130	  0.124417	 -0.323791	  0.873626	
2719	 16.949671	 13.298658	 29.389423	 -0.014271	 -0.791768	 -0.667477	
2720	 38.046318	 12.517458	 16.652826	  0.382851	  0.925483	  0.450174	
2721	 13.145197	 18.546316	 35.939034	 -1.594685	  0.101955	 -0.314973	
2722	 33.783134	  7.323792	 35.917030	 -0.284890	  0.013307	  0.084277	
2723	 40.681385	 12.417152	 15.393912	  0.144007	  1.249265	  0.064167	
2724	 11.109128	 26.909998	 31.678656	  0.328744	 -0.258018	  0.506006	
2725	 16.526335	  5.616006	 21.265896	 -0.211654	 -0.913556	 -0.398719	
2726	  8.408918	 33.618267	  1.615511	 -1.231153	  0.359274	 -0.396044	
2727	 20.542398	 29.472723	  0.339666	 -0.074217	 -0.016619	 -0.367746	
2728	 23.289209	 23.658047	 22.847422	 -0.615946	 -0.882135	 -0.121304	
2729	 29.527466	 12.589632	  1.634104	  1.047016	  0.362515	  0.550755	
2730	 15.924825	 23.240927	 31.623638	  0.125149	 -0.397881	 -0.326406	
2731	 27.784611	  7.360799	 24.976536	 -0.990096	  0.459078	 -0.274331	
2732	 15.531730	 27.033978	 28.817812	 -0.262531	  0.856739	  0.933392	
2733	 28.871078	  6.009724	 17.519402	 -0.308719	 -0.521079	  0.455759	
2734	 23.376238	 23.213850	 27.480707	 -0.950352	 -0.036062	  0.032501	
2735	  4.189167	 34.814484	  5.842526	  0.584465	  0.584348	  0.799561	
2736	 38.783848	 33.809723	 10.491989	 -0.462817	  0.365937	 -0.931890	
2737	 17.213057	 14.163421	 25.394789	  0.031031	  1.170986	  0.563904	
2738	 22.947071	 32.655758	 35.486832	  0.551375	  0.557237	  0.210319	
2739	 33.440437	 11.766140	 45.696751	  0.765171	 -1.074982	 -0.582474	
2740	 46.351315	  7.895880	 10.839291	 -0.939264	  0.357656	 -1.045478	
2741	  7.760465	 47.126175	 35.367195	  1.009726	 -0.009324	  0.392405	
2742	 32.070457	 40.677597	 11.691818	 -0.140075	  0.699785	  0.549936	
2743	 38.934929	  3.766523	 19.322403	  0.468140	  0.783064	  0.123377	
2744	 10.373279	 47.629940	 42.970390	  0.227342	  0.710363	  0.569353	
2745	 45.598778	 46.240841	  8.925886	 -0.198759	 -0.783411	 -0.167467	
2746	 12.882819	 16.408537	 24.027573	  0.246506	 -0.212849	 -0.399445	
2747	 26.249756	 34.094986	 32.007874	  0.020190	  0.007502	 -0.856386	
2748	  7.507751	 32.848835	 34.448853	 -0.152167	 -0.623374	 -0.855756	
2749	 35.965363	 39.184448	 30.099754	 -0.935760	 -0.112856	 -1.545253	
2750	 33.423157	 42.342571	  0.946129	  0.085207	  0.361874	 -0.242641	
2751	  4.042402	 44.693256	 30.579674	  0.864111	 -0.315801	  0.339931	
2752	 24.806042	 20.447830	  6.133413	 -0.013740	  0.743890	  0.951651	
2753	  9.951473	  2.752833	 10.424691	 -0.226637	  1.085899	  1.513155	
2754	 44.057354	 35.933697	 24.082981	  0.808351	 -0.488991	 -0.147568	
2755	  1.876956	  2.494370	  6.206352	  0.407447	  0.073111	 -0.385403	
2756	 47.425148	 43.785347	  2.846056	 -0.529013	  0.283728	  0.223384	
2757	  8.951921	  6.916574	 34.200989	 -0.573520	  0.392755	 -0.105516	
2758	 18.644247	 20.681126	 41.053806	  0.530458	  0.732772	  0.316113	
2759	 12.276254	  4.187375	 16.439838	 -1.000114	  0.057861	 -0.639933	
2760	  5.854823	 16.720797	 13.211420	  0.045415	 -0.010379	  0.397439	
2761	 34.823528	  4.250340	  8.806618	 -0.937330	 -0.210251	  0.660244	
2762	 44.293453	  1.797999	 36.872673	 -0.228187	 -0.096113	 -0.534630	
2763	  2.294131	 26.230606	  5.620765	 -0.952261	 -0.725888	  0.356447	
2764	  0.239817	  5.680735	 15.056288	  0.078158	 -0.802724	  1.029914	
2765	 11.477811	 40.478088	  1.369243	  0.514278	  0.250056	 -1.052810	
2766	 37.913601	 10.433394	 11.393531	 -1.235633	  0.006048	  0.953885	
2767	 40.185059	  9.458912	 46.512608	  0.162520	 -1.296263	  0.290495	
2768	 47.325462	 39.120510	 10.986889	  0.787543	 -0.749898	 -0.928313	
2769	 38.253883	 17.798712	 26.517876	 -0.783453	  0.536604	 -0.313461	
2770	  6.700706	 19.174971	 10.676787	  0.159337	  0.130112	 -0.907973	
2771	 35.164349	 43.619793	  5.197412	  0.313713	 -0.994954	 -0.451091	
2772	 44.077450	 40.057266	 15.152145	 -0.774691	 -0.642946	  0.505611	
2773	  0.333521	 24.559109	 29.208437	 -0.489888	  1.309938	 -0.331329	
2774	 34.292099	  5.148629	 31.002695	  0.343744	  0.178875	  0.008866	
2775	  3.679464	 11.892250	 44.833702	 -0.559771	  1.118167	  0.613604	
2776	 19.608360	 17.363514	 22.691847	  0.952977	  0.053342	 -0.144804	
2777	 16.128988	 35.192871	  4.423667	 -0.648359	  0.917125	 -0.316727	
2778	 18.249445	 30.435684	 42.402500	  0.576043	 -0.925895	  0.786346	
2779	 34.389919	 18.638887	  6.241024	 -0.287999	 -0.335897	  0.150328	
2780	 19.272230	 22.119179	 35.239101	  0.816681	 -0.934382	  0.313653	
2781	 18.799925	  1.081595	 47.822113	  0.414618	 -0.441945	 -0.044622	
2782	 40.729668	 16.877964	 33.203568	 -0.307076	  0.930801	  0.198276	
2783	 24.734865	 38.876827	  3.898766	  0.915124	 -0.132282	 -0.039583	
2784	 45.360222	 43.461899	 37.774132	 -0.842179	 -0.585177	  0.335360	
2785	 14.663740	 11.657592	 20.265894	 -0.084816	 -0.708836	 -1.199549	
2786	  6.386654	  1.373382	  5.540426	 -1.194157	 -0.213016	 -0.128361	
2787	 36.220901	  3.092860	 38.276768	  0.171496	 -1.190761	 -0.282210	
2788	 10.259466	 20.394327	 43.731083	 -0.245560	 -0.051872	  1.223286	
2789	 26.334820	 32.625530	 47.911785	  1.144682	 -0.134016	 -0.741198	
2790	 23.701420	 14.493955	 27.015162	 -1.158490	  0.142598	 -0.470838	
2791	 46.042934	 34.495739	  1.568532	  0.646862	 -0.635779	  0.297970	
2792	 33.020061	 27.380100	 27.977039	  0.944870	 -0.223535	  0.516310	
2793	 40.394840	  2.458794	 27.343571	 -0.667772	  0.151910	 -0.319055	
2794	 45.681244	 37.907707	 18.298098	 -0.440376	  0.574897	  0.766350	
2795	 31.068493	 38.958286	 25.806358	  0.237218	  1.195623	 -0.836607	
2796	 41.255871	 22.564648	 42.291000	  0.066451	 -0.173171	  1.152330	
2797	 43.789455	 29.697392	  0.269971	  0.276262	 -0.543570	  0.320289	
2798	 45.277184	 40.545788	 20.102812	 -0.877953	  0.657159	 -0.025439	
2799	 12.343227	 14.285788	 36.331142	 -0.576037	  0.851364	 -0.362244	
2800	 15.812793	 40.058105	  2.357277	  0.817837	 -0.050846	  0.735714	
2801	 40.077820	 37.127636	 25.053993	 -0.649169	 -1.071378	 -0.513495	
2802	  3.188356	 21.096762	 25.241150	 -0.303783	  0.559833	 -0.258502	
2803	 14.633235	 18.232931	 29.355690	 -0.247499	  0.980710	 -0.774820	
2804	 35.268398	 42.815727	  4.218456	 -0.001109	 -0.663313	 -0.762154	
2805	 17.836414	 39.930855	 22.976036	 -0.340304	  0.764765	 -0.592450	
2806	 10.962257	 30.634726	  0.172675	  0.679746	  1.537425	  0.302170	
2807	  4.462738	 35.387600	 41.125904	  0.977328	 -0.478594	  0.519729	
2808	 22.016777	 14.396182	 10.966781	  0.222088	 -0.435568	 -0.566192	
2809	 24.114170	 15.273870	 16.508806	  0.305844	  0.436756	 -0.662656	
2810	 24.318001	  0.108626	  7.586789	  0.279283	 -0.055705	 -0.494822	
2811	  7.397082	 31.651451	 40.658016	  0.189045	 -0.205692	  0.157363	
2812	 11.361032	 44.146145	 24.336880	 -0.254873	 -0.115469	 -0.820454	
2813	 26.738186	  7.509243	  7.872514	 -0.072783	 -0.928174	 -0.693253	
2814	  0.440132	 36.446587	 25.337536	 -0.226635	 -0.074486	 -1.165514	
2815	 28.579294	 16.598297	 26.569103	  0.210318	 -0.240489	  0.158223	
2816	 39.402641	 14.532431	 42.138008	 -0.022135	  0.320557	 -0.686572	
2817	 31.637369	 39.437340	 17.266710	 -0.261191	  0.043754	 -0.331692	
2818	  8.894732	 11.294298	 42.228378	 -0.797661	  0.206337	  0.786280	
2819	 25.564812	 28.078732	  1.722454	 -0.658722	 -0.232312	 -0.905320	
2820	  4.787449	 18.093319	 31.580845	 -1.074784	  0.370760	  0.095276	
2821	 20.987061	 18.976181	  9.761846	 -0.532702	 -1.339435	 -0.591533	
2822	  4.783784	 22.211374	 16.602188	  0.323437	  0.468176	  0.004559	
2823	 21.479698	 16.038036	  2.589701	  0.590284	  0.366829	  1.046159	
2824	 21.796963	 15.242002	 37.913982	 -0.089066	 -0.553662	  0.155961	
2825	 26.445551	 13.525894	 27.161737	 -1.066795	 -0.450361	  0.538515	
2826	 10.214417	 30.676556	 18.261892	  1.019653	 -0.421705	  0.127614	
2827	  6.155998	 25.353130	  5.656401	 -0.957671	 -0.263667	 -0.135525	
2828	 35.332008	  1.674690	 26.776554	 -0.003277	 -0.924021	 -0.302003	
2829	  8.129634	 32.570812	 17.945374	 -0.127090	 -0.173387	 -0.110533	
2830	 26.596233	 14.560741	 43.416054	 -0.319684	 -0.217734	 -0.324211	
2831	 11.708698	 28.248072	 16.253433	 -0.848810	 -0.365072	 -0.139342	
2832	 39.000786	 13.096098	 45.882957	 -0.584616	  0.925626	 -0.783073	
2833	 12.751491	 11.759696	  3.748610	 -0.063768	  0.626013	  0.635704	
2834	  3.714052	  7.368919	  9.397943	 -0.358413	 -0.008645	  0.235595	
2835	  7.373546	 37.821308	 28.440580	  0.453075	  0.338974	 -0.890806	
2836	 30.558067	 27.554920	 26.177586	 -0.821931	 -0.382013	 -0.214008	
2837	 26.603909	 23.534401	 40.182495	  0.442933	 -0.579524	  0.932003	
2838	 19.315247	 17.058178	  6.246275	  0.294602	 -0.410373	  0.927149	
2839	 39.471703	  2.531329	  6.600238	  0.371837	 -0.016606	 -0.599638	
2840	 45.633106	 38.598541	 11.760015	  0.608837	  0.091084	  0.945669	
2841	 15.148111	 24.387032	 25.478756	 -0.723807	  0.104188	 -0.100189	
2842	 39.034355	 27.536144	 21.890224	  0.338931	 -1.044092	 -0.346110	
2843	 22.055529	  9.271528	 13.488883	  0.471718	  0.511663	  0.750992	
2844	 12.258420	  0.666663	 27.335140	  0.984771	  0.092735	  0.513222	
2845	 34.222240	  7.992001	 18.410074	  0.392010	  0.536457	  0.100012	
2846	 44.398315	 27.355803	 27.129894	  0.409401	  0.041157	 -0.161345	
2847	 18.188068	 18.315659	 19.463614	 -0.204965	  0.862523	  0.607323	
2848	 24.119251	 29.453279	 25.397945	  0.598296	  0.344679	  0.090280	
2849	 37.383930	 20.574242	 22.867853	 -0.743126	 -0.070743	  0.419748	
2850	 28.824648	 41.689278	 40.310154	  0.901251	 -0.533073	  0.556155	
2851	 38.334515	 30.668175	  9.828583	 -0.270959	 -0.526467	  1.034979	
2852	 44.840485	  6.791880	 34.760735	  0.005394	  0.198645	 -0.072241	
2853	 37.142494	 18.992579	  6.532182	  1.340421	 -0.843293	 -0.262924	
2854	 18.989899	  3.216004	 34.171772	  0.089758	 -0.360496	  0.424565	
2855	 14.583196	 32.669128	  3.627049	 -0.017551	  0.811204	  0.400018	
2856	 30.286438	 25.865948	 38.554024	 -0.158632	  0.866457	  0.160100	
2857	 37.799316	 33.209572	  9.345785	  0.683849	  0.479188	  1.274565	
2858	 20.683580	  7.404249	 15.485611	  0.058668	 -0.153577	  0.381147	
2859	 44.976452	 12.512191	 41.441486	  0.544688	 -0.626803	  0.607214	
2860	  0.675701	 32.606411	 24.654257	  0.677390	 -0.277281	 -0.593066	
2861	 42.404877	 42.752003	 44.992180	 -1.469678	 -0.553165	 -0.556579	
2862	  1.505705	  3.814554	 33.421276	 -0.695908	  0.667209	 -0.104541	
2863	 22.975512	 21.606400	 40.717064	  0.039283	 -0.441039	 -1.135131	
2864	  7.230222	 18.470377	 27.730118	  0.276001	  0.858269	 -0.562582	
2865	  1.979024	 12.168527	 13.566302	  0.377155	  0.230967	 -1.335848	
2866	 23.823195	 25.549789	  2.685180	 -0.309981	 -0.123098	 -0.711020	
2867	 26.095093	 42.202175	 43.902992	  0.024838	  0.830856	  0.464625	
2868	 41.116875	 37.426399	 30.679216	 -0.193240	  0.167875	  0.054596	
2869	 37.818398	 33.190922	  0.553852	  0.230056	  0.958647	  0.920825	
2870	 41.136093	 23.826735	 43.498810	 -0.011522	  1.040536	 -0.433071	
2871	 39.750713	 34.761860	 18.905445	 -0.963122	 -0.682781	 -0.377390	
2872	 26.593225	 34.781174	  0.871282	 -0.060122	 -0.469776	  0.250471	
2873	 43.086529	 22.114155	  5.308263	 -0.815626	  0.188141	  0.609011	
2874	  8.229846	 24.126516	 34.880619	 -0.156003	  0.647662	  0.662863	
2875	 37.028690	 46.666740	 46.176796	 -0.863531	 -0.952952	  0.651307	
2876	  6.443088	 28.341999	  9.698165	 -0.667219	 -0.128128	  1.156824	
2877	 29.846352	 15.711629	  7.303307	 -1.348077	 -0.359261	 -0.887689	
2878	 16.164967	  8.685764	 46.537853	 -0.240408	  1.314057	  0.141883	
2879	 44.960873	 20.823891	 43.381775	  0.204070	 -1.164328	  0.497294	
2880	 16.441494	 19.580441	 39.666248	  0.065153	 -0.059569	  0.858751	
2881	  5.404475	 18.534046	 36.022476	  0.178046	  0.179445	 -0.146205	
2882	 23.260077	 33.619801	 13.853189	  0.881105	  0.447860	  0.151903	
2883	 19.013094	 35.743816	 26.799685	 -0.910343	 -0.116329	  0.757010	
2884	 23.419395	 41.618687	 32.625927	 -0.475149	 -0.232372	 -0.408589	
2885	 33.634811	 20.930233	 21.788471	 -0.238425	 -0.064860	  1.384868	
2886	 41.765137	 13.789817	 17.148708	  0.426761	  0.004555	 -0.171641	
2887	 35.197208	 10.898476	  6.675489	  0.103782	 -1.206034	 -0.676965	
2888	 30.619946	  9.512246	 31.497747	  0.223528	  0.396917	  0.851639	
2889	 21.931835	 24.051582	 36.244270	  0.163915	  0.380607	 -0.439784	
2890	 16.812483	  2.604685	  6.293672	  0.155468	 -0.258389	  0.683384	
2891	 19.310818	 42.718472	  8.827521	 -0.002098	 -1.101479	  0.019661	
2892	 45.464306	 44.601295	  5.020949	  0.572816	 -0.006851	  0.426470	
2893	 40.031662	  3.051471	 10.946379	 -0.590275	 -0.094498	 -0.091053	
2894	  2.093745	  5.422613	 31.614151	 -0.247304	 -0.134910	  0.885253	
2895	 30.951036	  7.121697	  9.573705	  0.164744	 -0.368966	 -0.280112	
2896	 24.033199	 47.260670	 32.212730	 -0.487672	 -0.378525	  0.576467	
2897	 36.224815	  1.693607	 25.729790	 -0.575796	  0.498481	  0.143990	
2898	 28.866833	  7.138680	 10.037048	  0.872134	  0.278713	 -0.341784	
2899	 20.797409	 11.420883	 39.105724	  0.209404	  0.179671	 -0.180639	
2900	  0.070745	 26.630257	  1.423331	  0.091218	 -0.273576	 -0.015923	
2901	 15.040950	 28.511894	  7.801708	 -0.211805	  0.219791	 -0.364841	
2902	 40.424496	 16.694492	 25.918575	  0.159026	 -0.301744	  0.502180	
2903	 18.229521	 31.413603	 11.950796	  0.104682	 -0.583539	  0.113498	
2904	 28.464994	 42.550697	  4.416721	  0.400870	  0.197781	  0.157302	
2905	  9.862013	 47.869267	 16.185211	 -0.452737	  0.124417	 -0.721347	
2906	 43.108631	 32.379696	  8.709064	 -0.080711	 -0.924109	 -0.373509	
2907	 46.743355	 36.169342	  2.728298	  0.574554	  0.971193	  0.416188	
2908	 12.494319	 27.252388	 24.184483	  0.149022	 -0.615019	 -1.073034	
2909	 41.354469	  4.361506	  2.537349	 -0.489367	 -1.196076	 -0.256195	
2910	 43.538181	 39.589783	 41.131935	 -0.186227	 -0.621012	  0.761357	
2911	 23.751570	 41.348339	 18.068773	  0.263673	 -0.300030	 -0.991601	
2912	 33.032993	  7.110484	  6.921601	 -0.123025	  0.437279	 -0.717394	
2913	 23.041502	 31.839979	 28.800816	  0.075811	 -0.271395	  0.145881	
2914	  0.505015	 23.078646	 44.111317	 -0.668401	 -0.062511	  0.865375	
2915	 22.682476	 10.362743	 30.040697	 -0.420152	  0.189518	  0.024747	
2916	 33.167210	 40.221901	 29.156790	  0.674934	  0.157483	 -0.720876	
2917	 13.541395	 26.532488	 32.669800	 -0.167135	 -0.414528	  0.370806	
2918	  3.402263	  1.418172	 40.389977	 -0.464588	 -0.302083	  0.832408	
2919	  3.880037	 46.291893	 40.529865	  0.250714	 -0.794453	 -0.206930	
2920	 35.614548	 47.574741	 35.683033	 -0.092431	  0.080498	 -0.121573	
2921	 29.321869	 19.870817	  5.373854	  0.693888	 -0.586102	  0.479925	
2922	 18.104650	  6.451085	 20.129574	 -0.146734	  0.892504	 -0.159958	
2923	  5.341759	 46.722546	  4.234744	  0.103747	 -0.233831	 -0.680191	
2924	 47.128010	 12.280869	  8.089154	  0.266584	  0.445373	  0.211984	
2925	  9.881074	 23.298546	 19.621702	 -0.631634	 -1.170012	  0.052579	
2926	 45.246876	 18.937803	 27.872311	 -0.561543	  0.628028	 -0.383235	
2927	 17.028757	 20.733171	  0.763788	  0.350850	 -0.110525	 -0.113810	
2928	 35.757645	 25.733562	 29.481853	  0.104025	  0.057480	 -0.190321	
2929	 42.822021	 40.786880	 35.351376	  0.170909	 -1.159928	 -0.344631	
2930	 13.962227	  0.032610	 12.968237	 -0.002650	  0.742548	 -0.774084	
2931	  2.187714	  0.446278	 24.771967	 -0.336823	  1.229843	 -0.060772	
2932	 31.931406	 46.581562	  3.016414	  0.374461	 -0.010457	 -0.159401	
2933	 23.484840	  7.841790	 11.701462	 -0.372203	  0.739568	  0.284787	
2934	 36.451283	  8.421801	 47.674919	  0.088930	 -0.012119	 -1.326786	
2935	 40.712837	  6.356240	  6.860781	  0.267168	  1.022314	  0.112092	
2936	 38.102081	 12.795444	 23.750938	 -0.267463	 -0.152337	 -0.259454	
2937	 11.306505	 13.165827	 40.364754	 -0.489436	 -0.070091	  0.408186	
2938	  9.016148	 12.552321	 33.267570	 -0.859073	 -1.019219	  0.453588	
2939	 36.148834	 10.376101	 12.566837	  0.811952	  0.143843	  0.112244	
2940	  5.522486	 41.253410	 35.335342	  0.191830	  0.017159	  0.610437	
2941	  9.155051	 29.223372	 20.627468	  0.394939	 -0.283229	 -0.294339	
2942	  3.383927	 16.222885	 11.236703	 -0.376797	  1.382494	 -0.194093	
2943	 46.316227	 43.580780	 11.605414	  0.310705	 -0.150340	 -0.337294	
2944	 12.035500	 10.735226	 23.537527	  0.526807	  0.055623	  0.506061	
2945	 30.228765	 22.351601	 17.580263	  0.341671	  0.656884	  0.707771	
2946	 41.377739	 40.625137	 28.778378	 -0.188775	  0.327519	 -0.340552	
2947	 38.637138	 45.527283	 19.053978	  0.105979	  0.362019	 -0.175711	
2948	 39.371605	 21.719141	 10.548461	 -0.244548	  0.439469	 -0.604916	
2949	 21.960686	 10.394832	 28.876213	 -0.333825	  0.276420	 -0.292582	
2950	 10.022902	 47.510357	 33.135296	  0.667561	 -0.327593	 -0.447332	
2951	  1.197126	 26.496780	 11.123705	 -0.569725	  0.750146	  0.335699	
2952	 25.364269	 26.535563	 29.758699	  0.220737	 -0.188315	 -1.243866	
2953	 13.034770	  0.010333	 39.963799	 -1.464377	 -0.315831	  0.115702	
2954	 36.811272	  8.709407	 11.027390	 -0.790967	 -0.204343	  0.122868	
2955	  8.642428	  4.163015	 30.700333	  0.581819	 -0.667920	  0.423526	
2956	 33.290012	 21.640589	 30.828114	  0.022369	  0.979619	 -0.055439	
2957	  9.479570	  5.791325	 27.793423	  0.604387	 -0.573734	 -0.552762	
2958	  6.252472	  7.815335	 35.882763	  0.099268	  0.652572	  0.337616	
2959	 11.277237	 23.940042	 18.297129	 -0.592811	  0.795398	 -0.018896	
2960	 17.595318	 26.445570	 18.885040	  0.153607	  0.009191	 -0.964768	
2961	 11.730670	  2.458248	 33.547977	 -0.240698	  0.530402	 -0.290350	
2962	  2.866975	 32.029972	 22.838642	  0.611629	 -0.828013	  0.983257	
2963	 13.341356	 17.472578	  6.299271	  0.692905	  0.292243	  0.232484	
2964	 45.725281	 43.806282	 21.719183	 -0.712113	 -0.162239	  1.036290	
2965	 31.583521	 38.732430	 14.226756	 -0.032529	  0.373199	  0.341874	
2966	 31.806301	 44.811893	 25.752583	 -0.142470	  0.432706	 -0.060758	
2967	 12.440841	 19.234446	  4.466531	  0.023714	  1.095924	  0.057334	
2968	 14.166564	 11.389673	  8.880353	  1.052050	 -0.426993	  0.022577	
2969	 12.646671	 47.535606	 45.424046	 -0.253485	 -1.024884	  0.342936	
2970	 40.663540	  6.842088	 44.326191	 -0.160798	  0.106333	  0.259957	
2971	  5.571837	  9.748012	 11.230167	  0.352739	  0.324234	  0.393514	
2972	 35.646976	 24.003374	 41.843094	  0.149183	  0.154296	  0.617192	
2973	 14.472500	 34.643349	  8.787662	 -0.632086	  0.439049	  0.384991	
2974	 18.530491	  3.988108	 10.099566	  0.787210	  0.158371	 -0.106694	
2975	 11.776570	 41.484333	 13.331977	  0.001959	 -0.949849	 -0.806731	
2976	  5.609382	  4.529233	 39.798134	  0.500303	  0.132656	 -0.254134	
2977	 22.616854	 47.189114	 18.218342	  0.411705	  1.021960	 -0.701197	
2978	 41.728031	 30.283783	  3.794466	 -0.342355	  0.206273	  0.108288	
2979	 36.231750	  6.403925	 17.364595	  0.085256	  0.275506	  0.073246	
2980	 33.330246	 26.917995	 42.438015	 -0.633125	 -0.633537	  0.536452	
2981	 46.408974	  9.563321	 28.537434	  0.784729	 -0.063238	  0.616605	
2982	 18.981377	 43.379284	  8.230576	 -0.847186	 -0.175579	  0.754681	
2983	 25.123928	 21.215981	 35.644390	  0.785000	 -0.525758	  0.910639	
2984	  6.046394	 26.568356	 38.928246	 -0.233252	  0.380173	  1.084501	
2985	  0.710263	 31.827835	 25.514553	 -0.919127	  0.522836	  0.298660	
2986	 23.584160	 17.867958	 23.882616	 -0.224325	  0.955255	  0.130566	
2987	 16.058201	 19.046116	 32.150314	  0.190906	 -0.720148	  0.328762	
2988	  7.378867	 26.568110	  7.950279	  0.483491	  0.342264	 -0.183767	
2989	  8.983487	 38.842468	 26.776527	 -0.130844	 -0.294941	 -0.649607	
2990	 10.843040	 46.724190	 45.880531	 -0.194653	  0.410987	 -0.930007	
2991	 32.570499	 10.930552	 13.797226	 -0.507697	 -0.529716	 -1.090881	
2992	 28.991203	 22.365873	 20.947762	  0.227971	 -0.419408	  1.275152	
2993	 21.946171	 10.819837	 28.159225	  0.121002	  0.491003	 -0.345593	
2994	 38.451889	  9.881024	 10.143533	 -0.017830	  0.407239	 -0.431798	
2995	  4.407165	 32.038078	 42.094215	 -0.140505	 -0.394710	  0.237055	
2996	 36.497807	 23.475550	 22.553181	 -1.113797	 -0.146658	  0.178613	
2997	  5.303222	 23.340790	 43.380608	  0.388792	 -0.588202	  0.235806	
2998	 12.887886	 46.091011	 17.324753	  0.666368	  1.486368	 -0.018195	
2999	 42.022156	  8.412476	 20.278133	 -1.069373	  0.180878	 -0.279934	
3000	 45.637547	 19.711529	 14.810213	 -0.727971	 -0.553653	 -0.196003	
3001	 44.584515	  9.759344	 42.012806	 -0.754769	  0.456980	 -0.742635	
3002	 19.132656	 38.135864	 34.373314	 -0.406579	 -0.630406	  0.163512	
3003	 11.196006	 11.122974	 35.537426	  0.083481	 -0.078553	  0.180237	
3004	 31.394829	 35.308475	 20.995300	 -0.278625	 -0.630729	  0.579181	
3005	 44.076550	 38.592957	 12.032134	  1.081581	  0.079479	  0.939773	
3006	 27.861996	 16.089029	  5.409733	 -0.572380	  0.215910	 -0.224546	
3007	 44.231388	 28.111908	 11.476919	  0.897887	  0.198246	 -0.393062	
3008	  4.090527	 32.578930	 18.609137	 -1.232218	 -0.241567	  0.528401	
3009	  1.418445	  6.297848	 11.723043	 -0.500545	 -0.422289	 -0.466725	
3010	  3.478310	 19.948273	 39.293087	 -0.074122	  0.009656	 -0.846194	
3011	 21.116135	  8.576050	  3.587218	  0.210803	 -0.352242	 -0.071686	
3012	 15.167243	  9.504016	  1.265478	 -0.896730	 -0.819513	  0.101348	
3013	 15.285053	 32.836739	 23.737328	  0.208937	 -0.144531	  1.342647	
3014	 35.419575	 27.749199	 42.888557	 -0.635326	 -0.297493	 -0.378007	
3015	  8.058445	 18.588245	 21.453087	 -0.628850	 -0.816198	  0.428561	
3016	 46.964687	 32.336731	  8.221951	 -0.668111	  0.467691	 -0.270170	
3017	 38.495739	  8.917649	 32.702698	  0.087418	  0.278686	  0.468322	
3018	 27.876122	 15.765976	 16.445225	  0.160302	  0.104916	 -0.471195	
3019	 39.996376	 39.480942	  9.094317	 -0.253950	  0.046732	  0.363438	
3020	 43.983551	  1.411643	 47.315472	 -0.728418	  0.465359	 -0.089004	
3021	 47.098583	 42.872955	 22.564156	 -0.626903	 -0.363270	 -1.051971	
3022	 38.512554	 21.398972	  0.231923	  0.789076	 -0.365493	 -0.545434	
3023	 34.620190	 35.290501	 17.984699	  0.840485	 -0.131837	 -0.485047	
3024	  3.383221	  6.604304	 26.306152	 -0.061762	  1.011114	 -0.804952	
3025	 26.857006	 43.881042	 39.827324	  0.199252	 -0.294750	 -0.902403	
3026	 17.697077	 26.173412	 32.245590	 -0.661156	 -0.847766	  0.221351	
3027	 22.100189	  1.475200	 38.643700	 -1.334649	  0.167731	 -0.125355	
3028	 46.679340	 29.267670	 33.854050	 -0.454659	 -0.584466	 -0.717301	
3029	 38.940178	  4.678811	 32.377991	  0.544368	 -0.396200	 -0.464464	
3030	 17.583933	 31.432400	 24.357466	  0.524902	  0.181113	  0.255423	
3031	 38.003620	 46.790165	 44.506969	  0.259479	 -0.673154	 -0.102574	
3032	 42.806049	 32.154156	  8.152479	 -0.209217	 -0.172770	 -1.019194	
3033	 19.517942	  5.629228	 19.017992	 -1.096233	 -0.917589	 -0.127578	
3034	 11.139028	 28.893854	 38.106777	  0.516938	 -0.125264	  0.079363	
3035	 13.286632	 35.319012	 13.807142	  1.386436	 -0.769385	  0.102854	
3036	 33.918072	 16.143944	 11.551748	  0.208238	 -0.719325	  0.360632	
3037	 28.789446	 34.261208	 17.353497	 -0.050612	  0.359204	  0.221769	
3038	 41.076828	 30.866222	  9.026237	 -0.475044	  0.334601	 -0.935932	
3039	  1.562592	 20.833971	  5.258104	  0.613149	 -0.966795	  1.095215	
3040	 26.693033	  5.198768	 13.922611	 -0.720379	  0.275408	  0.437860	
3041	 12.787989	 34.344009	 42.340565	 -0.716763	  1.170195	  0.469377	
3042	 47.971874	 10.688917	 46.784504	 -0.095208	 -0.367936	 -0.981340	
3043	 35.939995	 24.480707	 35.194065	  0.082838	 -0.154974	  0.940893	
3044	 27.950148	 38.886631	  6.363550	  0.710213	 -0.280947	 -1.256277	
3045	 37.990910	 12.658600	 10.016369	  0.232334	 -1.052123	  0.360419	
3046	 16.748482	 24.181404	 26.696589	  0.413399	  0.408984	 -0.044267	
3047	 23.084379	 32.131409	  7.893631	 -0.109970	 -0.552640	 -0.218453	
3048	 47.828007	 30.658649	  5.458201	 -0.484352	  0.285402	  0.313656	
3049	 33.329689	 33.735435	 33.852581	  0.246250	  1.235317	  0.008388	
3050	 30.650295	 19.339409	 17.286047	 -0.395967	 -0.209603	 -1.035416	
3051	 42.022438	 11.322050	 20.787104	  0.412173	 -0.017785	 -0.085274	
3052	 15.085587	  0.888603	 24.112839	  0.437144	 -0.111966	  0.623718	
3053	 31.806126	 25.578032	 33.929955	  0.191250	 -0.568195	  0.106939	
3054	 44.892853	 16.785404	  7.820662	 -0.530363	 -0.908966	 -0.188717	
3055	 39.254364	 35.593533	 44.654682	  0.018392	 -0.224015	 -0.195654	
3056	  9.906561	 21.478603	  5.945135	 -0.193485	 -0.554429	 -1.499816	
3057	 41.774376	 41.554512	 18.759039	 -0.421566	 -0.194689	 -0.179348	
3058	  5.031251	 11.127929	 38.862141	 -0.064781	 -0.007085	  0.890763	
3059	 32.832287	 18.040710	 43.328098	 -0.360343	 -0.457015	 -0.338111	
3060	 34.666737	  8.414949	 38.422264	 -0.300769	  0.605963	  0.313901	
3061	 21.670652	 24.633568	 19.761147	 -0.721904	  0.851303	 -0.339060	
3062	 26.904024	 20.541527	 27.623936	  0.921882	 -0.308331	 -0.485964	
3063	 21.920546	  3.758682	 46.751339	 -0.531750	 -0.691593	 -0.473491	
3064	  9.140979	 32.035042	 45.369873	 -0.048394	 -0.243630	  0.123092	
3065	 10.653030	  9.270209	 20.309719	  0.855808	  0.069472	 -0.509951	
3066	 29.018394	 28.366547	 21.633793	 -0.037885	 -0.332240	 -1.091510	
3067	  2.726886	 33.789673	 28.851606	  0.230398	  0.507329	  0.007631	
3068	 32.839897	  0.602356	 33.772671	  0.611104	 -0.853697	  0.563048	
3069	 37.172714	  6.346255	 35.081787	 -0.155881	 -0.635833	 -0.238778	
3070	 31.571571	 26.158314	 37.790997	 -0.897925	 -0.438692	  0.035788	
3071	 35.722218	 32.887791	 35.460232	  0.008921	 -0.392340	 -0.378905	
3072	 38.556038	  6.495421	 21.434607	  0.124878	  0.765761	  0.097288	
3073	 36.818394	 41.510536	 33.946697	  0.778993	 -0.073549	  0.431439	
3074	  1.855495	  7.564209	  3.968368	  0.052456	 -1.218252	  0.085018	
3075	 28.557074	 25.588367	 13.936927	  0.267483	 -0.361442	 -0.402190	
3076	 20.937294	 27.988329	 43.711662	  0.829648	 -1.200674	  0.530899	
3077	 14.896800	 12.950680	 12.902569	  0.400849	 -0.526993	 -1.208856	
3078	 36.946667	 22.381191	 27.905485	  0.828317	  1.128255	  0.871462	
3079	 39.456764	 12.408712	 35.715084	  0.589683	  0.174690	 -0.244165	
3080	 37.738285	 45.321983	 34.804878	 -0.241326	  0.343778	  0.530235	
3081	 13.934231	 15.318974	 19.176456	 -0.398104	  0.670193	 -0.130261	
3082	 25.650700	 24.645687	 11.271292	  0.376999	 -0.725022	 -1.044293	
3083	 20.813240	 30.503902	  0.301029	 -0.228285	 -0.973499	  0.013641	
3084	  6.825055	 37.128761	 22.682022	  0.591947	 -0.943407	  0.622284	
3085	  7.413435	  3.110479	  3.140047	  0.028319	 -0.088935	 -1.366229	
3086	  8.847866	 45.112930	 22.170263	  0.258459	  0.229961	 -0.497222	
3087	  8.971540	 10.192928	  9.747691	  0.165956	 -0.363511	  0.249160	
3088	 39.433712	 21.679573	 30.047359	 -0.276771	 -0.245791	  0.465281	
3089	 12.771601	 25.772278	 16.272507	 -0.224349	  0.042589	 -0.498585	
3090	 19.893211	  1.225321	 17.727852	  1.113721	  1.135994	 -0.059772	
3091	  8.058756	  8.938461	  5.921668	  0.550879	 -0.225414	 -0.377546	
3092	 27.555532	 35.424179	 31.340599	 -0.202454	 -0.212479	 -0.955963	
3093	  9.933375	 43.727478	 32.896851	  0.334514	 -0.615552	  0.416932	
3094	 24.270470	 16.745861	 10.261164	  0.142225	 -0.414306	 -0.087495	
3095	 44.340096	 34.844067	 20.002438	 -0.341871	 -0.454865	 -0.311928	
3096	 45.819675	  9.536162	 12.003577	  0.154191	 -0.173862	 -0.135328	
3097	 39.413555	 43.497532	 34.448746	 -0.829442	  0.446647	  0.727480	
3098	 42.883656	 44.192657	 37.637043	  0.825322	 -0.122499	 -1.080741	
3099	 44.727173	 41.564960	 27.293665	  0.625245	 -0.155589	 -0.138658	
3100	 31.734671	 30.459604	 31.921658	  0.919481	 -0.134112	 -0.065763	
3101	 21.452044	  8.364834	 20.042835	 -1.033536	  0.718458	 -0.120145	
3102	 24.081654	 26.098118	 45.515408	  0.905550	 -0.978304	 -0.101263	
3103	 32.400269	  5.705426	  3.072845	 -0.432311	 -0.272819	 -0.368014	
3104	 46.485256	  7.351877	 25.195057	  0.180750	  0.374945	 -0.068890	
3105	 36.998318	 10.334340	 29.154604	 -0.225917	  0.545486	  0.380390	
3106	 45.520882	 28.320536	  5.606476	 -0.476780	 -0.553348	 -0.379412	
3107	 40.238003	 14.099549	 22.735298	  0.047395	  0.489833	 -0.616929	
3108	 30.050220	  6.718107	 36.614750	  0.588652	 -0.364456	 -0.754774	
3109	 37.676647	 47.635674	 25.239023	 -0.883443	 -1.275077	 -0.053315	
3110	 23.657158	 42.077538	 25.602142	  1.020788	  0.735210	 -1.381993	
3111	  8.047505	 11.229548	  7.659567	 -0.145034	 -0.058512	  1.245899	
3112	 34.412796	  2.811450	 44.989220	 -0.693601	 -0.111283	  0.351271	
3113	  7.431731	 25.425184	 27.648832	  0.201862	  0.673284	 -0.292412	
3114	 21.009052	 16.430750	  1.173116	 -0.031646	  0.023718	 -0.319813	
3115	 35.271667	  1.567147	 46.184002	 -0.609430	  0.053753	 -0.791016	
3116	 38.985558	 35.171692	 42.269241	 -0.551434	 -0.484996	  0.300609	
3117	 23.457125	  5.223940	 34.598801	 -0.137953	  1.067790	 -0.353538	
3118	  8.470907	 35.552216	 43.383350	 -0.375993	  0.042948	  1.048936	
3119	 17.437527	 37.600952	  0.006157	 -0.671005	  0.740863	 -0.208685	
3120	 12.891075	 10.486052	 39.727226	  0.325680	 -0.007569	  0.872531	
3121	 25.364744	  1.122091	 15.151861	  0.021228	 -1.158194	  0.184174	
3122	  5.049716	 44.653309	 10.589026	 -0.998389	  0.459881	 -0.076005	
3123	 36.901970	 17.712173	  0.302650	 -0.862910	  0.192497	  0.255655	
3124	 33.880638	 47.892227	 25.475405	  0.243395	  0.681426	 -0.299204	
3125	 45.290138	 33.175179	 25.391184	 -0.092361	 -0.101061	 -1.320149	
3126	 41.230167	  2.946535	 44.319851	 -0.161295	  0.518002	  0.660846	
3127	 37.843216	 30.994808	  2.261253	  0.660297	 -0.731430	 -1.088950	
3128	 18.076115	 15.742780	 29.179644	  1.085299	 -0.199956	  0.438095	
3129	 22.865028	 17.769716	  0.095870	  0.816510	  0.018455	 -0.726943	
3130	 46.560642	 12.580931	 36.141167	 -0.474637	  0.527550	  0.582658	
3131	  0.892164	  7.739295	  9.618881	  0.322154	 -0.433779	 -0.788203	
3132	 13.933666	 12.926701	 29.466389	  0.487759	 -0.742612	  0.168057	
3133	 36.389217	 39.464508	  4.062938	  0.335623	  0.818576	 -0.404822	
3134	 20.716991	 10.042524	 39.394333	  0.469281	  0.398048	  0.861616	
3135	 19.258141	 27.439730	 35.542141	  1.017707	  0.250032	  0.270898	
3136	 45.120865	 26.522154	 27.969776	  0.148690	 -0.608208	  0.062082	
3137	  6.784467	 19.498314	 47.377934	  0.473994	 -0.594898	  0.732500	
3138	  1.379157	  8.720657	 25.433802	  0.911072	 -1.191926	  0.350282	
3139	 43.930981	 11.444337	 29.965393	 -1.068975	 -0.829975	 -0.295970	
3140	 20.595589	 21.612139	 20.615265	  1.259567	  0.124888	 -0.728523	
3141	 33.590981	 35.944412	  1.482652	 -0.708634	  0.238684	  0.222784	
3142	  9.556107	  5.433758	 23.221209	 -0.073653	  0.511343	 -0.367959	
3143	 29.417431	 13.455429	 24.990213	 -0.763709	  0.421449	  0.854561	
3144	 39.285183	  6.790274	 43.407234	 -0.685862	  0.663833	 -0.933749	
3145	 16.261524	 29.374805	 47.376720	  0.336496	 -0.317742	 -0.633686	
3146	 34.070221	 36.110382	 39.243988	  0.201020	  0.910202	 -0.829250	
3147	 29.177307	 38.352566	 30.677673	 -0.366712	  0.898156	 -0.033358	
3148	 28.454945	 16.640741	 11.808896	 -0.231156	  0.263840	  0.834790	
3149	 12.542160	 31.035568	 12.508828	 -0.557529	  0.994789	 -0.582966	
3150	 40.016380	 19.712637	 23.141014	 -0.760911	  0.284980	  0.532231	
3151	 15.593796	 19.827246	 29.981955	  1.052706	  0.234549	  0.199722	
3152	 12.547344	 17.841698	  8.769790	  0.048933	  0.861091	  0.397532	
3153	  6.173250	 27.487391	 11.588090	 -0.439119	 -0.025060	 -0.351680	
3154	 40.858875	 31.462288	 17.561333	 -0.030370	  0.038887	 -0.371202	
3155	 15.428946	 11.658062	 10.467606	 -0.175729	  0.493733	 -0.983038	
3156	 20.408550	  2.525056	 38.791229	  0.728542	  0.559815	 -0.342116	
3157	  6.216614	 14.839243	 24.790703	  0.477080	  0.188998	 -0.011299	
3158	 35.938393	  2.561802	 24.537840	  0.691843	 -0.388653	 -0.240220	
3159	 28.430260	 36.596451	 26.032314	 -0.164057	  0.718801	 -0.675582	
3160	 39.199665	 46.470104	  9.501944	 -0.508274	  0.289319	 -0.157515	
3161	  5.322496	  8.885881	  0.892613	 -0.374711	 -0.409392	 -0.493867	
3162	 45.509869	 10.955988	 41.193291	  0.055224	  0.380998	 -0.674780	
3163	 30.929447	 44.610508	 29.530815	  0.489217	 -0.519055	  0.525087	
3164	 23.851992	 18.971066	 21.248241	 -0.358543	 -0.377129	  1.008211	
3165	 47.870354	  4.915138	 37.562485	 -0.782013	 -0.323156	  0.856495	
3166	 42.493298	 21.750980	  0.625547	  0.374594	 -0.569667	  0.801565	
3167	 22.077803	 32.095829	  7.215784	  0.548618	  1.012509	 -0.359737	
3168	 27.214764	  3.181930	 43.088306	  0.889094	 -0.684882	 -1.166033	
3169	 40.568855	 19.315367	 34.427837	 -0.145269	 -0.234120	 -0.325102	
3170	 22.021507	 19.917030	  2.348754	  0.942583	 -0.359905	 -0.102538	
3171	 37.102524	  6.816987	 10.482165	 -0.253316	  0.327013	 -0.580354	
3172	 13.910314	 26.935701	 15.127051	  0.259014	 -0.067396	 -0.410590	
3173	 45.187607	 43.903702	 47.398567	 -0.568120	 -1.017109	 -0.350016	
3174	 29.121941	  4.800610	 26.896629	  0.199375	 -1.084077	  0.636206	
3175	  6.592094	 42.944969	 34.480938	  0.219365	  0.967856	  0.226447	
3176	  4.750661	 24.559578	 38.335682	  0.110067	  0.974329	  0.062145	
3177	 23.192083	 28.397881	 14.727210	  0.986942	 -0.140572	 -0.112796	
3178	 23.616673	 19.771927	 42.518261	 -1.237890	  0.427918	 -0.821950	
3179	 45.903606	 25.592207	 39.991230	 -0.766423	 -0.178958	 -0.745251	
3180	 34.531635	 30.545162	 21.121300	  1.099942	 -0.585134	 -0.321751	
3181	  5.304780	 24.732384	 20.367863	  0.237156	 -0.581490	  1.088003	
3182	 28.551218	 33.751369	 23.965387	  0.507758	  0.286196	 -0.441636	
3183	 28.248791	 30.211946	 38.795200	 -0.722370	  0.479989	 -0.347502	
3184	 37.999390	 34.074871	 47.374004	  0.630381	  0.631997	  0.754118	
3185	 10.108641	 34.659794	 14.471891	  0.432043	 -0.145726	 -0.556789	
3186	 36.797436	 32.630459	 34.656212	 -0.007651	  0.526951	  0.875420	
3187	 12.606692	 25.217176	  6.090328	  0.860238	  0.824275	 -0.059733	
3188	 34.991127	 27.956591	  1.737477	  0.965207	  0.568986	 -0.048669	
3189	 34.856842	 24.484650	 20.270103	  0.067943	  0.763774	 -0.334912	
3190	 28.786922	 23.796535	 30.893379	 -0.423949	  0.887028	 -0.344751	
3191	 32.030376	  8.911522	 32.494835	 -0.830943	  0.400344	 -0.214706	
3192	 22.045540	 43.632317	 41.481915	 -0.400055	  0.730694	  0.218431	
3193	 18.455101	  7.235788	 21.938793	 -0.562696	  1.198354	 -0.621134	
3194	 18.844917	 30.087072	 37.747513	  0.376537	  0.940844	  0.284519	
3195	 27.979904	 24.669987	 21.971525	  0.593068	  0.322915	 -0.744918	
3196	 46.008614	  5.243776	  3.594700	 -0.376072	 -0.739671	 -0.306190	
3197	 44.118889	 43.795273	 22.889278	  0.918055	  0.169339	 -0.429571	
3198	 24.793070	  9.948562	 39.016605	  0.615204	  0.703430	 -0.235849	
3199	 32.018566	 25.072277	  5.505564	  0.253601	 -0.708574	 -0.230025	
3200	 21.660774	  7.241965	 32.526215	  0.922891	 -0.747900	 -0.335964	
3201	 44.504864	 35.225044	 20.883221	 -0.070816	  0.805290	 -0.280424	
3202	 33.286583	 35.107742	  2.215309	 -0.733589	 -0.200482	 -0.156949	
3203	  1.841283	 40.008923	 44.302238	  0.484411	 -0.203218	 -0.727811	
3204	 12.899178	 23.045036	 26.475937	 -0.787389	  0.078031	  0.879173	
3205	 14.525078	 10.933318	 12.948912	  0.308095	  0.352065	 -0.883814	
3206	  3.023262	 17.748838	  9.435175	 -1.182753	  0.199904	  0.076147	
3207	  9.264383	 23.861301	 41.668362	  0.262700	 -1.191488	  0.487707	
3208	 17.718830	 38.910362	 37.103199	  0.706387	  0.257359	 -0.587041	
3209	 47.423519	  8.653786	 16.542463	 -0.846073	 -1.102281	 -0.338614	
3210	 34.394806	 33.896641	 24.802469	 -0.139822	  0.320539	  0.036659	
3211	  4.027458	 13.627666	 12.439981	  0.272227	 -0.658832	 -0.285967	
3212	  3.048748	 28.926249	 18.945541	  0.452486	  0.012361	  0.218561	
3213	 43.110172	 47.879822	 43.676800	 -0.164964	  0.070042	 -0.805275	
3214	 21.076637	 19.494791	 13.987413	  0.001469	  0.420523	  0.306593	
3215	 18.720726	  2.922063	 15.909850	 -0.604299	  0.022860	  0.384722	
3216	 32.100830	 46.798080	 14.227519	 -0.593060	  0.701951	 -0.500032	
3217	 42.322163	  7.476201	 31.249357	  0.138429	  0.102951	  0.317511	
3218	 29.472153	  9.694344	 32.875694	 -0.059747	 -0.220401	  0.389417	
3219	  3.393626	 43.553963	 36.888313	  0.226023	  0.140048	  0.617628	
3220	 35.131924	 42.380093	 41.914528	  0.305682	  0.582997	 -0.069240	
3221	 33.555916	 18.129505	  0.254426	  0.763037	 -0.542257	  0.335431	
3222	 21.381802	  3.253911	 30.233440	 -0.225470	  0.617942	 -0.660243	
3223	 46.755077	 17.125484	 22.218199	 -0.215648	  0.205962	  0.002500	
3224	  9.333855	 43.016090	 43.527245	  0.456788	 -0.663626	  0.264771	
3225	 47.250832	 10.536676	 39.072166	  0.808786	  0.079372	 -0.845570	
3226	 24.746387	 16.332972	 20.795408	 -0.560768	 -0.477639	  0.392074	
3227	 39.502720	 20.018867	 39.352215	 -0.183397	  0.966901	 -0.495528	
3228	 13.350649	 11.452941	  1.872377	  0.239103	 -1.092588	 -0.449020	
3229	 29.745840	 41.227669	 36.794998	  0.030320	  0.263753	 -0.330078	
3230	 34.567764	 38.799397	 27.152288	 -0.684929	  0.390398	  0.337278	
3231	  6.871935	 36.977707	 18.746006	 -0.006520	  0.833728	  0.435763	
3232	 29.829052	 35.971226	  5.060904	  0.004584	  0.365135	  0.639483	
3233	 37.212559	  6.597151	 44.012707	  0.090637	 -0.313672	  0.841434	
3234	 31.598063	 35.937920	 28.888832	  0.140329	  0.408123	  0.876514	
3235	 20.064306	 26.058569	 19.675440	 -0.129727	 -0.292087	 -0.195544	
3236	 10.168719	  8.813673	 36.164467	  0.095939	  0.320552	 -1.001884	
3237	 47.181870	 34.403591	 39.536129	 -0.922888	  0.499264	  0.946991	
3238	 15.254456	 31.449545	 11.412193	 -0.683040	  0.948552	 -0.099541	
3239	 39.491467	 24.569630	  0.367088	  0.731294	 -1.056852	 -0.550054	
3240	  2.806510	 10.250648	 33.363281	 -0.441227	 -0.385716	  0.814342	
3241	 22.124269	 20.996426	 39.021973	 -0.729229	 -0.683192	  0.184197	
3242	 26.392422	 13.369298	 47.428936	  0.369204	  0.795796	 -0.292637	
3243	 21.777452	 45.523632	 30.227404	 -0.279109	  0.091773	  0.347733	
3244	 38.887501	  8.601174	  6.425709	  0.710314	  0.589407	 -0.384778	
3245	  2.756768	 20.515566	  6.240741	 -1.318208	 -0.234777	  0.178467	
3246	 31.543129	 20.332605	  3.355541	  0.010082	  0.106286	  0.622832	
3247	  5.865468	 43.512474	  0.012011	  0.311441	 -0.135317	 -0.694487	
3248	 41.634720	  3.426927	 14.633368	 -1.062837	 -0.107330	 -0.623212	
3249	 23.410316	  4.791579	 15.125542	 -0.524183	 -0.421226	  1.210148	
3250	 38.813984	 40.056644	  4.330975	  0.491507	  0.186685	  0.377837	
3251	  2.643233	 43.022366	 26.920403	  0.434242	  0.326115	  0.156883	
3252	 35.138287	 36.027157	 28.811403	 -0.145768	  0.254830	 -0.048607	
3253	  9.995241	 12.016221	 29.252445	  0.075320	  0.414339	 -0.360114	
3254	 20.678692	 29.956526	 18.193012	 -0.008022	  0.250083	 -0.024572	
3255	 40.037487	 20.262936	 41.802120	  0.377831	  0.652064	  0.009159	
3256	 33.443848	 17.759638	 18.825027	  0.348010	 -0.579716	  0.405958	
3257	 43.524902	 16.326971	  0.741759	 -0.112637	  0.535686	 -0.311956	
3258	 24.290285	 23.093971	 28.023666	 -0.060358	 -0.558307	 -0.526118	
3259	  4.841217	 33.611504	 18.912458	 -0.075099	 -0.034952	 -0.030051	
3260	 29.029549	 17.873756	 31.935966	  0.154012	 -0.391505	 -0.087071	
3261	 29.713722	 23.167980	 47.969872	 -0.180857	 -1.032901	 -0.393377	
3262	 22.291771	 31.470394	 31.038513	  0.277745	 -0.318923	 -0.274981	
3263	  6.478149	 38.874294	  9.065212	 -0.275549	 -0.123798	 -0.116735	
3264	 28.518227	 16.218740	 13.040175	 -0.424849	  1.223119	  0.157691	
3265	 37.708416	 14.978962	  7.581699	 -0.787618	 -0.328126	 -0.106669	
3266	 12.910141	 27.649342	  7.096179	  0.229578	 -0.513452	  0.358574	
3267	  9.316259	  4.338688	  4.138407	  0.172140	  0.006300	 -0.473617	
3268	 37.509888	  9.714166	  1.133004	  0.094492	  0.209054	  0.203045	
3269	 37.338867	  4.587239	 22.139679	  0.208541	 -0.479058	  0.097825	
3270	 31.062302	 35.949139	 19.891014	  0.273824	  0.117919	  0.290029	
3271	  1.748928	 47.878952	 20.280474	  0.911605	 -0.085521	  0.622519	
3272	 39.234386	 25.820423	  6.742126	 -0.341753	  0.217524	 -0.050956	
3273	 38.203831	  6.854164	 21.243328	 -0.075786	 -0.327418	  0.173687	
3274	 42.969391	 33.722843	 44.050907	  0.420406	 -0.522503	 -0.407578	
3275	 22.455227	 19.433716	  0.895876	  0.206019	 -0.699325	  0.370905	
3276	 30.242380	 18.716738	  5.825843	  0.044098	  0.388983	  1.519022	
3277	 10.526095	 44.492081	 15.120857	 -0.792951	  0.042066	 -0.229110	
3278	  2.285290	 29.094378	 18.814554	 -0.356786	  0.505057	  0.105314	
3279	 45.186275	 45.863232	 22.005119	  0.616930	 -0.539991	  0.522795	
3280	 31.709883	 22.893188	 44.998192	  0.094111	  0.927954	  0.446090	
3281	  6.578684	 19.743946	 17.361485	 -0.181664	 -0.147915	 -1.325679	
3282	 37.838074	 35.668476	 25.516558	  0.589384	 -0.281607	  0.372503	
3283	 47.682537	 39.156727	 40.992039	  0.734701	 -0.719616	  0.215893	
3284	  5.901024	 43.386326	 23.262489	 -0.353498	 -0.995055	 -0.432189	
3285	 44.280037	 36.719677	  9.835058	 -0.340228	  0.516924	 -0.389117	
3286	 13.998638	 33.634586	 18.695433	  0.610608	  0.641296	  0.549764	
3287	 35.131481	 46.577824	 38.447617	  0.168244	 -1.392009	  1.267007	
3288	 15.111483	 11.820273	 47.848644	 -0.087575	  0.488954	  0.830806	
3289	 40.038765	 19.831602	 21.312967	  0.620219	 -0.295454	  0.504294	
3290	 27.151134	 37.250076	 27.258457	 -0.705109	 -0.095233	 -0.220785	
3291	 28.084751	 31.807173	 43.613136	  0.871590	  0.393249	  0.456421	
3292	 10.488509	 13.312036	 46.423920	 -1.127928	 -0.503210	  0.536658	
3293	 11.232500	 36.136547	 16.767988	 -0.279264	  0.612355	 -1.069726	
3294	  8.156316	 21.097315	 47.524433	 -1.171397	 -0.913177	  0.231723	
3295	 21.051058	 26.224466	 42.036858	  0.438870	 -0.388480	 -0.559259	
3296	 29.326014	 35.976124	 28.760197	  0.344696	 -0.011105	 -0.083227	
3297	 27.304075	 10.193498	 43.581802	 -0.493065	  0.521682	  0.410038	
3298	 14.345923	 42.600189	  9.905748	  0.153412	  0.317872	  0.228487	
3299	 44.518982	 27.204779	  1.805594	 -0.509461	  0.017182	  1.978642	
3300	 19.632730	 46.348183	 33.629646	  0.171320	  0.362854	  1.256811	
3301	 47.277683	 46.522331	 19.693338	 -0.706787	 -0.396169	  0.542934	
3302	 12.690500	 22.353979	  5.328899	  0.092007	 -1.397161	  0.412869	
3303	 41.914173	  0.282627	  9.668815	  0.564418	 -0.490578	 -0.168902	
3304	  2.286028	 17.681078	 41.065338	  0.103197	  0.130801	  0.386143	
3305	 17.680454	 41.080711	  1.956466	 -0.823068	  0.474382	 -0.170980	
3306	  8.483992	 30.707848	  6.151692	  0.390285	 -0.598379	  0.410254	
3307	 46.106762	 33.041542	 34.871948	  0.684154	 -0.713217	 -0.537293	
3308	 12.657028	  9.570116	 16.696676	 -0.729796	 -0.000828	  0.683664	
3309	  0.768360	 33.590816	 43.447056	 -0.604581	 -0.948962	 -0.553085	
3310	 14.589231	 37.334717	 13.730470	  0.507074	 -0.348323	 -0.043429	
3311	 19.703556	 47.262299	 39.940517	 -0.458464	 -0.028713	  0.359136	
3312	 18.874390	 47.112808	 12.877737	 -0.795370	  0.837160	 -0.849765	
3313	 23.437927	  8.123865	 38.545097	  0.792642	  0.103602	  1.675704	
3314	 19.836908	 10.444433	 41.629791	  0.605688	 -0.515222	 -0.318091	
3315	  5.906795	 21.190569	 25.828115	  0.671714	 -0.119201	  0.522396	
3316	 33.892376	 31.344921	 42.083061	 -0.389373	 -0.923023	  0.131591	
3317	 25.888390	 45.148293	 19.213144	  0.011041	 -0.062230	  0.019292	
3318	 23.964334	 45.561211	 15.850571	  0.046964	  1.146401	  0.613771	
3319	 32.616528	  0.380481	  6.887731	 -0.286315	  0.395235	  0.771961	
3320	  0.691974	  2.612341	 40.118820	  0.389684	  0.293984	 -0.523493	
3321	 10.610392	 46.269405	 39.390209	 -0.330791	  0.656745	 -0.830402	
3322	 30.122267	  1.838859	 24.694384	 -0.737934	 -0.843017	 -0.267588	
3323	  4.314269	  3.063110	 28.464933	  0.542908	 -0.379412	  0.612794	
3324	 16.507269	 26.158340	 38.606171	 -0.283554	  1.144427	 -1.458577	
3325	 26.826685	 22.327469	  5.896933	  0.544526	 -1.049593	  0.358235	
3326	 12.074481	 14.811701	 13.412765	 -1.324201	 -0.882909	 -0.398004	
3327	 38.930531	  3.017309	 19.172680	 -0.396157	  0.579321	  0.642530	
3328	 23.252638	 13.327255	 38.111309	 -0.129425	  1.030309	  1.303926	
3329	 42.215286	 25.677876	 29.424776	  0.370210	  0.353170	 -0.090705	
3330	 17.147875	 28.676649	 24.408949	 -1.408909	 -0.392789	  0.593421	
3331	 25.481688	  4.680775	 14.623392	  0.035925	  0.287377	  0.147384	
3332	  5.632055	  4.592995	 13.897872	 -0.054701	 -0.787108	  0.079311	
3333	 27.908224	 33.943657	  3.820058	 -1.053762	  0.143453	 -0.262608	
3334	 20.500946	 19.148283	 40.800877	  0.840493	 -0.091990	 -0.303172	
3335	 16.710564	 46.837360	 11.091989	  0.542146	  0.587568	  0.142384	
3336	 10.617685	 26.338150	 19.840675	  0.552194	 -0.243192	 -0.102928	
3337	  2.911361	 21.496063	 43.005501	  0.478872	 -0.830340	  0.335744	
3338	 29.660669	 33.754780	 35.401222	  0.137092	  0.028754	 -0.406292	
3339	 10.562026	 23.578907	 42.885433	 -1.474260	 -1.198936	 -0.208025	
3340	 30.411057	  8.288425	  2.611134	  0.697205	 -0.075480	 -0.305192	
3341	 26.316509	 21.962278	 14.021839	  1.225548	 -0.180651	 -0.437203	
3342	 28.759504	 24.350050	 43.747719	  0.425841	 -0.992738	  0.095199	
3343	  1.991628	 41.684853	 31.943359	  0.169795	  0.806914	 -0.241729	
3344	  4.401631	 41.002155	 26.138985	  0.098049	 -0.115831	  0.296072	
3345	  5.825262	  3.599212	 22.454224	 -0.449679	  0.422073	 -0.175417	
3346	 12.856188	 15.675014	  0.110709	  0.209026	 -0.378388	 -0.375926	
3347	 40.594318	 39.014187	 25.939476	  0.190748	  0.814190	  0.075126	
3348	 31.015888	 46.334091	 34.318096	  0.715800	 -0.047846	  0.876358	
3349	 17.248291	 41.613377	 29.719971	  0.107496	 -0.489738	 -0.731928	
3350	 20.145760	 32.044659	 28.587700	  0.178275	  0.234424	 -0.307161	
3351	  6.232058	 23.400570	 24.648998	 -0.780149	 -0.323610	 -0.294699	
3352	  1.287678	 42.042015	 19.628765	 -0.138190	  0.989755	 -0.086555	
3353	  1.692242	  7.730729	 32.577271	 -0.197251	  0.315956	  0.709613	
3354	 12.260191	 33.243904	 35.184608	 -0.412595	  0.315117	  0.009428	
3355	  4.576964	 19.673841	 28.716751	  0.425207	  0.607021	  0.871935	
3356	 34.990131	 44.256935	 23.507509	  0.845334	 -0.466269	 -1.002621	
3357	 45.960506	 33.489670	 12.995923	  0.711725	  0.430620	 -0.177070	
3358	 45.425274	 43.612972	 24.625101	 -1.271385	  0.439050	 -0.222561	
3359	 32.232487	 21.598938	 29.846500	 -0.001643	 -0.369648	 -0.929170	
3360	 31.071419	 45.682373	  7.773586	 -0.019126	  0.136433	 -0.354015	
3361	 22.905207	 31.943905	 14.334700	  0.022086	  0.597802	  0.036833	
3362	  1.752864	 29.340166	 35.063988	 -0.244602	  0.675614	 -0.471364	
3363	  3.225384	 11.254180	 30.290791	  0.461106	  1.281149	  0.244673	
3364	  9.465807	 13.930483	  6.852057	 -0.438681	  0.260978	  1.022702	
3365	 17.211849	  2.471497	 39.661430	 -0.289832	  0.289034	 -0.156713	
3366	  0.197864	  3.689100	 12.405023	 -0.484190	 -1.382426	  0.560395	
3367	 16.524921	  3.952779	 19.367752	  0.167571	 -0.193719	 -0.453266	
3368	 46.386517	 22.392960	 21.856350	  0.378761	  0.448180	  0.159589	
3369	 47.828087	 22.178949	 45.960339	 -0.827703	 -1.193794	 -0.586197	
3370	 47.513836	 38.876575	  1.500877	  1.309161	 -0.504007	 -0.192305	
3371	 18.184452	 33.226883	 17.523098	  0.008494	 -0.175798	  0.367755	
3372	 37.230568	 35.095726	 41.419361	  0.977038	  0.109449	 -0.702949	
3373	 14.138338	 12.536228	 17.174194	  0.092234	 -0.922509	  0.301535	
3374	  0.735897	 18.221745	 35.720455	  0.093574	  1.430351	  0.415296	
3375	 41.696262	  0.548363	 39.979305	  0.545769	 -0.184350	  0.319196	
3376	  7.561837	 34.394398	 13.843123	 -0.052052	 -0.307192	  1.117375	
3377	  4.121391	 40.985577	  9.009947	 -0.269469	 -0.785221	 -0.962892	
3378	 34.371078	 13.531796	 45.422134	 -0.572288	  0.238493	  0.060069	
3379	 16.229454	 21.761736	  9.321090	  0.193361	  0.569065	  1.175447	
3380	  5.937523	 26.921808	 15.684814	  0.859892	  0.087106	 -0.534265	
3381	 21.218670	  0.582026	 44.966259	 -0.365369	 -0.883039	 -0.294529	
3382	 26.874796	 30.253633	  8.847247	  0.654870	 -0.035048	  0.862003	
3383	  8.328392	 41.738361	 37.640026	 -0.205632	  0.892075	 -0.915996	
3384	 32.010162	 40.458950	 25.197536	 -0.633521	  0.293462	  0.809227	
3385	 19.032457	 21.249050	  5.452552	 -0.928671	  0.128991	  0.120879	
3386	 22.946096	 11.356320	 30.456085	 -0.147163	  0.459953	 -0.778507	
3387	 44.900036	 12.155166	  9.073870	  0.146347	  0.847539	 -0.236191	
3388	 42.646248	  2.336876	  6.345433	  0.706545	 -0.023219	 -0.707178	
3389	 31.299574	 27.465151	  1.966522	  0.135220	 -0.128298	 -0.192187	
3390	  9.492269	 27.090237	 41.943108	 -0.893146	  0.012155	  0.449603	
3391	 33.070602	 15.066534	 24.420050	 -0.619320	 -0.666975	  0.414230	
3392	 44.587173	 37.467293	 41.979542	  0.274316	 -0.809892	 -0.123260	
3393	 36.060135	 47.665810	 39.299858	  0.500122	 -0.442443	  0.198161	
3394	 12.591567	 20.500469	 44.133999	  0.399582	  0.212354	 -0.099865	
3395	  9.597036	 22.758356	 19.912899	 -0.638188	  1.025177	 -0.167906	
3396	 47.630886	 44.461658	 44.561016	  0.054467	 -0.307252	  0.750219	
3397	 46.229462	 32.849525	 19.792788	  1.277172	  0.292897	 -0.467264	
3398	 28.193914	  5.233703	 26.076195	  0.521982	 -0.800382	 -0.499314	
3399	 15.031574	 11.229893	 25.774788	  0.123758	  0.256861	  0.980522	
3400	 25.929737	 43.523628	 20.882910	  0.131477	  0.327361	  0.163639	
3401	 30.282476	 27.515823	 44.021900	  0.286468	  0.644295	 -0.745293	
3402	 20.446310	 35.523956	  9.579091	  0.630920	 -0.366949	  0.626477	
3403	 33.352409	 45.858124	 14.082309	 -0.186621	  0.487552	  0.009422	
3404	 37.256218	 14.248699	 13.962706	 -1.137329	 -0.033455	  0.488038	
3405	 24.019348	 10.563543	 30.284189	 -0.747485	  0.110808	  0.895073	
3406	 37.313797	 14.273627	 28.759958	 -0.920812	 -0.233009	 -0.952626	
3407	  0.250212	 25.934958	 39.528172	  1.019423	 -0.424464	 -0.312620	
3408	 25.684244	 22.050600	  5.655526	 -0.623559	  0.698499	  0.351102	
3409	  3.081927	 28.031971	 16.166059	 -0.453600	 -0.802962	  0.360760	
3410	  0.710271	 37.912983	 41.352081	 -0.509540	  0.012090	 -1.176297	
3411	 37.600853	  2.658169	 25.830879	  0.269072	 -1.052579	 -0.765606	
3412	  9.075648	  3.366118	 19.577454	  1.428959	  0.359206	  0.671409	
3413	  1.823850	 47.588009	  9.845656	  0.056338	  0.179498	 -0.472577	
3414	 26.992611	 10.129282	 31.753988	 -0.472914	 -0.496037	  0.479795	
3415	 17.700319	 27.122519	  3.829870	  0.277925	  0.706493	 -0.033492	
3416	 24.522524	  6.214916	 44.168198	  0.122736	 -0.308235	 -0.029731	
3417	 20.278093	  2.122334	  1.332090	  1.143683	 -0.400274	 -0.895901	
3418	 27.449051	  5.563519	 30.194923	  0.078943	 -0.274721	 -1.284100	
3419	  3.553207	 28.487951	 34.462406	 -1.183466	  0.066104	  0.696739	
3420	 38.173901	 10.905142	 24.796080	 -0.127107	 -0.119235	  0.020287	
3421	 45.330040	  6.927910	 47.824123	  0.161612	 -0.483137	 -0.083345	
3422	  5.473969	  2.917536	 10.691183	 -0.052718	  0.213263	  0.830541	
3423	  7.054029	  2.961033	 19.046040	  0.732520	  0.270350	 -0.030859	
3424	 21.313801	  4.980537	 33.346279	  0.639012	 -0.073036	  0.292556	
3425	 11.333125	 45.426300	 36.797844	  0.117807	 -0.867131	  0.189557	
3426	 41.584843	 45.184601	 15.727547	 -1.017154	 -0.452920	 -0.145160	
3427	 29.448900	 27.047789	 26.964762	 -1.128149	 -0.009942	  0.167360	
3428	 14.511940	  6.130239	 37.820587	 -0.540989	  0.955463	 -0.281886	
3429	 14.131329	 39.854137	 41.834564	 -0.192643	 -0.404967	 -0.337060	
3430	 30.275198	  1.615945	 47.341549	  0.458912	 -0.112528	 -0.576277	
3431	 37.896603	  2.492831	 14.811678	 -0.488027	 -0.189769	  0.286907	
3432	 26.344229	 29.269279	 46.973541	 -0.836027	  0.198473	  0.810766	
3433	 29.682497	 32.786903	 14.762110	  0.870553	  0.069772	  0.499457	
3434	 11.580368	 18.084408	  2.878530	 -0.334433	  0.095816	 -0.334700	
3435	 21.250076	 14.409829	  6.252205	 -0.631346	  0.189526	  0.588214	
3436	 16.976055	 18.183634	  5.113797	  0.591914	  0.137436	  0.206976	
3437	 14.473862	 47.610710	 17.626005	  0.518547	  0.119848	 -0.089487	
3438	 21.993570	 25.083963	 15.425600	  0.951072	  0.253769	 -0.400147	
3439	 28.877422	 39.945461	 36.931183	 -1.571944	 -0.403913	  0.077862	
3440	 26.335157	 37.697899	 17.973160	 -0.519647	 -0.798236	 -1.056251	
3441	 16.651886	 38.095673	  0.372478	 -0.515813	 -0.340961	  0.135830	
3442	 25.931683	  8.023043	 28.565712	  0.272709	  0.722648	 -0.110618	
3443	 33.044930	 29.532091	 10.492193	  0.672609	 -0.334381	 -1.186735	
3444	  0.020249	 14.313090	 11.421175	 -0.313140	 -0.316891	  0.212695	
3445	 28.424906	  4.652057	 14.128393	 -0.501537	 -0.338596	 -0.867831	
3446	 16.886658	 45.702625	 42.847229	 -0.739651	 -0.585831	  0.358419	
3447	 15.990098	 46.376690	 45.539253	 -1.263716	  0.032289	  0.374561	
3448	 46.997562	  8.321815	 41.866646	  1.161080	  0.420427	  0.893114	
3449	  9.892298	  9.937336	 33.376179	  1.052493	  0.147714	 -0.154370	
3450	 45.982697	 46.310886	  4.778633	  0.207251	  0.618098	  1.136644	
3451	 28.626499	 24.585052	 14.273981	 -0.238762	 -0.857521	  0.177783	
3452	  3.500390	 23.016407	 18.173759	 -0.223524	 -0.871026	 -1.363950	
3453	 12.291178	 34.499134	  6.054978	 -1.181468	  0.168707	 -0.622135	
3454	 23.587439	 26.034760	 17.703110	 -0.048602	 -0.278912	 -0.269971	
3455	  3.695764	 12.453863	 41.650684	  0.870816	 -0.586470	  0.256916	
3456	 35.075836	 28.359081	 43.517990	  0.698248	  0.214845	 -0.135617	
3457	 32.569389	 41.299740	 32.947304	 -0.043438	  0.538363	  0.031588	
3458	 28.173363	 20.056759	 46.087017	 -0.288463	 -0.759322	 -0.759030	
3459	  2.275410	  4.456537	 21.876850	 -0.274489	 -0.140252	  0.444985	
3460	 43.002529	 38.314636	 16.736277	  0.814396	  0.857362	  0.964432	
3461	 35.427441	 15.713948	 30.984377	  0.190573	  0.694115	  1.083646	
3462	  4.596662	 31.482430	 42.100719	 -0.043538	  0.128867	  0.507935	
3463	 24.144218	 11.215338	  7.862275	 -0.696943	 -0.855730	 -0.233084	
3464	 44.584335	 19.382704	 22.269066	  0.613257	  0.134600	 -1.410227	
3465	 10.036929	  2.588722	 12.171554	 -0.114121	 -0.456109	 -0.813736	
3466	  9.866430	 37.883244	 13.826386	  0.440259	 -0.307017	  0.824247	
3467	  6.027631	 32.432369	 45.731689	  0.322062	  0.237664	 -0.052156	
3468	 23.738335	 41.039875	 45.986900	 -0.248116	 -0.949006	 -0.064205	
3469	 11.427485	 27.725086	 18.881634	  0.973328	 -0.807959	  0.603280	
3470	 16.522783	  0.492700	 18.554146	  0.620269	  0.777774	  0.442320	
3471	 10.727370	 34.771950	 40.151016	 -0.463933	  0.986846	  0.301390	
3472	 13.915801	 34.236382	  1.369182	 -0.160306	  1.436209	  0.414007	
3473	 33.552841	  3.655053	 19.884027	 -1.358727	 -0.068544	 -0.156174	
3474	 44.948936	  4.993244	 12.498199	 -0.415910	 -0.813762	  0.558143	
3475	 30.887945	  9.719275	 40.906609	  0.025420	 -0.716383	 -0.504214	
3476	  2.141653	  4.166002	 44.328819	  1.211946	 -0.055302	 -0.268805	
3477	 13.482911	 10.556108	 38.627781	 -0.537377	 -0.326034	 -0.195538	
3478	 19.620426	 36.342690	  4.286915	  1.462067	  0.208055	 -0.203525	
3479	  8.893202	  4.430569	 33.948956	 -0.819184	 -0.048204	  0.052474	
3480	  6.750098	 43.851345	 19.613045	 -0.256627	  0.163209	 -0.665612	
3481	 24.780403	 12.005938	 11.563896	 -0.427589	 -0.410333	 -0.121620	
3482	 36.874317	 45.256329	 18.616774	  0.916828	  0.671182	 -0.173370	
3483	  9.590511	 11.141069	 17.529816	 -0.366917	 -0.020019	 -0.323384	
3484	  0.042621	  4.975145	 17.959526	  0.086894	  0.291758	  0.129104	
3485	 29.321480	 11.976854	 36.319401	  1.083480	  0.329872	  0.495704	
3486	 10.304696	 17.681793	 16.443161	 -0.196363	  0.980801	 -0.335332	
3487	 24.093330	 45.104954	 20.539959	 -1.294772	 -0.878065	  1.081215	
3488	 40.946262	  5.984818	 21.546284	  0.041302	  0.411105	 -0.020708	
3489	 35.041180	 20.923342	 20.106499	  0.673579	 -0.091428	 -0.280014	
3490	  6.145820	 13.714299	 25.771175	 -0.798870	  0.893037	  0.141234	
3491	 30.982460	 35.826126	  1.407552	 -0.209620	 -0.027869	 -0.054331	
3492	 26.097857	  4.565617	 46.236965	 -0.454666	 -0.094783	 -0.860752	
3493	  4.497836	  2.822370	 18.569782	  0.699472	  0.475194	 -0.870057	
3494	 32.141235	 14.170893	 47.830631	  0.410013	  0.228283	  0.206103	
3495	 33.273457	 30.908796	  9.194737	  0.209854	  0.496974	 -0.165080	
3496	 34.784752	 34.578213	 29.218884	  0.507590	  0.771931	  0.316536	
3497	 46.346638	 16.093824	 28.014355	  0.123939	  0.581538	 -0.666837	
3498	 38.918804	 44.371311	  2.021109	  0.429775	  0.608676	 -0.303700	
3499	 34.552402	 47.357006	 26.156961	  0.628928	 -0.182899	  0.270306	
3500	 31.240784	 37.020767	 40.748066	 -0.681537	 -0.332474	  0.121301	
3501	  1.957649	  1.255256	 47.876465	 -0.079211	  0.181661	 -0.804982	
3502	  2.791341	 10.983438	  0.597872	 -0.237046	 -0.179018	  0.446355	
3503	 26.657433	 18.371647	 11.906918	 -0.120297	 -0.531843	 -0.155198	
3504	 37.130478	 45.011604	 18.457163	 -0.749275	  0.545978	  0.140009	
3505	 14.181280	  6.995494	 32.788742	  0.000408	  0.100752	 -0.229377	
3506	 21.441805	 17.532667	 16.558853	  0.045369	  0.130086	  0.243906	
3507	 42.543758	 34.650211	 14.668576	 -0.709868	 -0.417881	 -0.566977	
3508	 38.177761	  5.947039	 15.324124	  1.313224	 -0.687260	  0.519764	
3509	 46.816113	 29.509007	  4.263129	 -1.110513	 -0.829544	 -0.901621	
3510	  5.586419	  2.759484	 12.731052	  0.293037	 -0.106417	 -0.107441	
3511	 47.668507	 20.245749	  8.714894	  0.684686	  1.157084	  0.258168	
3512	 17.238857	 39.896954	  1.628454	 -0.084473	 -1.006516	 -0.541046	
3513	 26.860620	  2.301747	 36.453915	 -0.150350	  0.018872	 -0.737062	
3514	 19.965794	 27.387070	  2.586001	 -0.782634	 -0.667225	 -0.211004	
3515	  7.312750	 33.079502	 40.152538	 -1.024974	  0.698842	  0.612224	
3516	 24.304264	 27.395102	 19.140676	 -0.549761	  0.358170	 -0.230480	
3517	 14.423720	 35.415627	  2.461787	  0.021481	  1.432946	 -0.127869	
3518	 38.278049	 34.410545	 44.566128	  0.187481	 -0.049935	 -0.657253	
3519	 38.052795	 42.660965	  8.725400	 -0.506923	 -0.266802	  0.420435	
3520	 14.276520	 29.798096	 18.736889	  0.567483	 -0.034115	  0.301416	
3521	 35.214146	 24.310228	  8.359304	  0.870496	  0.510651	 -0.025361	
3522	  4.859339	 21.826191	 18.631712	 -1.719864	  0.357373	  0.436067	
3523	  9.818348	  6.242795	  4.173056	 -0.499948	  0.411019	  0.137294	
3524	 30.610371	  8.398377	 47.739815	  0.002205	  0.911771	  0.447301	
3525	 16.210152	 43.090179	  4.681521	 -0.547758	 -0.259842	 -0.006939	
3526	 46.246788	 30.019575	 20.370127	  0.506503	  0.189321	 -0.076631	
3527	 31.310993	 46.361000	 12.025143	 -0.808128	 -0.340945	 -0.339432	
3528	 30.136887	 38.252083	 32.856594	 -1.064981	 -0.097908	  0.144261	
3529	 24.970724	 39.717731	 14.405808	  0.390019	  0.375580	 -0.488601	
3530	 39.907848	 40.724407	  8.160677	 -0.103736	  0.322524	  0.913134	
3531	 11.318691	 30.782928	 28.253307	 -0.297539	 -0.058385	 -0.287026	
3532	  5.100586	 23.355751	  1.930114	  0.218493	 -0.031488	  0.930790	
3533	 36.145733	  4.772715	 35.439423	  0.165648	 -0.239891	  0.431491	
3534	 28.405716	 12.879292	  6.177552	  1.052605	  0.458726	  0.220472	
3535	 12.753042	 44.623051	 40.367889	 -0.642342	 -0.553649	  0.348146	
3536	 35.862045	 23.380148	 13.133394	  0.607306	 -0.842772	 -0.652198	
3537	 34.368668	 36.239815	 32.324394	 -0.758756	 -0.290609	  1.456988	
3538	 14.843374	  2.494669	  5.382069	 -0.044393	  0.373467	  1.056960	
3539	  7.226913	 35.827549	 31.223694	 -1.038729	  0.626445	  0.616551	
3540	  9.959172	 31.458836	 23.569910	  0.448361	  0.658760	  0.350050	
3541	  1.941796	 43.500950	 11.757645	  0.383355	 -0.029403	 -0.903152	
3542	 41.113976	 28.889729	 17.859674	  0.188318	  0.933536	  0.689684	
3543	 37.946495	 15.386236	 25.682728	 -0.626788	 -0.378406	 -0.612577	
3544	 37.499939	 28.727417	 45.556694	  0.203587	  0.090282	 -0.526317	
3545	 11.752756	 27.620609	  8.774862	  0.072333	 -0.071800	  0.532430	
3546	 27.514391	 19.833843	 41.978794	  0.012042	 -0.224823	 -0.094758	
3547	 23.970190	 31.168652	 14.287855	  0.067564	 -0.776731	  0.284395	
3548	 42.706802	 46.164120	 45.121735	  0.534786	  0.077584	 -0.290479	
3549	 35.670307	  6.961872	 22.157534	 -0.189716	 -0.479431	  0.485142	
3550	  6.862797	  9.773485	 20.683403	  0.694680	 -0.730499	 -0.360027	
3551	 35.889393	 45.411106	 29.939684	 -0.106536	 -0.613743	  0.009685	
3552	 16.471863	 15.439606	  6.264031	 -1.101357	 -0.390982	  0.539238	
3553	 47.504753	 10.727499	 37.864868	  0.943586	 -0.190278	 -0.548797	
3554	 17.508623	 12.123098	 33.239948	  0.167608	 -0.295055	 -1.146070	
3555	 39.619289	  2.706938	  1.776781	  0.827713	  0.678926	 -0.793170	
3556	 11.929010	 16.087494	  7.107281	  0.214675	 -0.222668	  0.200933	
3557	 17.189058	 30.478682	 26.624596	  0.238896	  0.522151	 -0.528249	
3558	 10.612741	 27.639194	  4.823365	  0.830178	 -0.695033	  0.047434	
3559	 10.593265	 17.246082	 11.873594	  1.348530	 -0.330069	  0.371986	
3560	 37.199688	 45.939762	 25.538475	 -0.402054	  0.031922	  0.897548	
3561	 42.974182	 31.469646	 43.508221	 -0.072117	 -0.039486	 -0.796674	
3562	 11.926950	 31.354998	 39.051136	  0.148407	  0.425251	  0.227242	
3563	 34.146778	 10.798447	 31.772385	 -0.770103	  0.671723	  0.942834	
3564	  5.060390	 39.256603	 26.964642	  0.308435	 -0.233172	  0.138449	
3565	 44.262527	  0.977412	  5.638109	  0.379200	 -0.366619	 -0.587509	
3566	 36.303238	 13.629988	 15.464677	 -0.273341	 -1.002282	  0.040433	
3567	  8.088068	 21.213774	 23.436438	  0.296709	  0.700074	 -0.019073	
3568	 25.919777	 41.480175	  3.148261	 -1.299903	  0.341102	 -0.875514	
3569	 45.996284	  3.313985	 36.261639	 -0.183442	  1.512399	 -0.155363	
3570	 25.416115	 41.360828	  3.502952	 -0.033778	 -0.519913	 -0.853551	
3571	 23.021006	 29.508350	 21.552250	 -0.543554	 -0.873773	 -1.268597	
3572	 37.127235	 10.438214	  8.225915	  0.662084	 -0.159013	 -0.694863	
3573	 37.908039	 26.980192	 36.834705	  1.358143	  1.113410	  0.614386	
3574	 32.525105	 47.351997	 39.588882	 -0.115599	  0.357380	 -0.621867	
3575	 20.333263	  0.109497	 35.783634	 -0.770606	  0.314448	 -0.493365	
3576	  5.774405	 24.504723	  0.778758	 -0.486817	  0.142164	  0.602573	
3577	 27.639318	 20.533897	  0.737493	 -0.046502	 -0.834837	  0.205530	
3578	 33.852829	  7.669908	 39.546421	 -0.276027	  0.035087	 -0.482188	
3579	 42.194908	 25.060230	 31.125448	 -0.280086	 -0.990381	 -0.553257	
3580	 29.018955	 37.273186	 37.163879	 -1.033809	  1.354593	  0.165717	
3581	 14.576044	 19.617819	  3.628721	 -0.667008	  0.024721	 -0.738976	
3582	 44.564148	 28.087608	  4.826743	  0.737579	  1.272599	  0.871975	
3583	  3.285577	 39.523708	 45.912003	  0.617293	 -0.459934	 -0.812473	
3584	 29.264641	 27.433325	 36.023251	 -0.142690	  0.121037	 -0.479171	
3585	  2.648236	 30.385262	 46.472519	  0.371709	 -0.517589	  0.491853	
3586	  4.077109	 25.043839	 28.949612	  0.577396	  0.625097	  0.597300	
3587	  7.039637	 39.546486	  6.610854	  0.658562	  0.127888	 -0.135292	
3588	  9.864200	 33.350922	  7.198580	  0.421350	  0.723620	 -0.679767	
3589	 30.667307	 30.230888	 28.794258	  0.697728	  0.438094	  0.272217	
3590	 16.324528	 42.022938	 36.585857	  0.229577	  0.485549	  0.725333	
3591	 41.883167	 32.954994	 40.208084	 -0.063552	  0.312287	  0.291279	
3592	 47.135845	 26.190702	 28.586138	  0.235545	  0.432448	 -0.459491	
3593	 22.157793	 44.174606	 25.387245	  0.603475	  0.562485	  0.113499	
3594	 45.343235	 16.939541	 17.883602	 -0.697923	  0.641475	 -0.687365	
3595	 12.665046	 42.895824	 22.212740	 -0.908912	 -0.670540	 -0.308358	
3596	 12.860158	 24.591574	  5.974575	  0.029909	 -0.349817	  0.544197	
3597	 39.922085	 27.305460	 40.579136	 -0.109380	  0.292191	 -0.207219	
3598	 41.130325	 17.918005	 43.427326	 -0.663841	  0.582515	  0.469032	
3599	  7.830768	 46.193146	 29.275124	  0.051164	 -0.008712	  0.102883	
3600	 44.694729	 10.321623	  4.857868	 -0.362689	 -0.459437	 -0.286617	
3601	 23.433405	 25.212076	 45.712864	  0.004741	  0.878229	  0.463324	
3602	  9.524681	 17.987797	 42.220383	 -0.389840	 -0.022746	  0.215540	
3603	 13.856138	 16.747601	 26.026417	 -0.317168	  1.007488	  0.081158	
3604	  4.835880	  2.285466	 34.054005	 -1.221542	 -0.558185	  0.030538	
3605	 45.452671	 35.374992	 45.842773	 -0.862900	  0.778130	  0.199749	
3606	 34.821934	  4.242530	 19.878138	  0.846883	  0.804786	 -0.269725	
3607	  7.100136	  8.041372	 11.996832	 -0.053161	  0.625018	 -0.573794	
3608	 23.879534	  6.258169	 20.628759	  0.212298	 -0.641819	 -0.282199	
3609	  8.735704	 22.265774	 24.551567	  0.382719	 -0.214982	  0.634509	
3610	  6.839492	 17.985142	 38.809895	 -0.808831	 -1.353192	  0.337981	
3611	 15.626840	 11.122033	 42.226009	  0.650688	 -0.796812	 -0.089286	
3612	  9.040342	 15.523111	 27.247337	  0.028434	  0.106925	 -0.768582	
3613	 23.310150	  4.675029	 26.896297	  0.999721	 -0.354082	 -0.103311	
3614	 18.949032	 47.369976	 25.882971	  0.138414	  0.511757	 -0.267770	
3615	 21.532776	 16.944342	 33.402344	  0.214375	 -0.349522	  0.454757	
3616	 13.591957	 31.110558	 19.141317	  0.722876	  0.267440	 -0.088818	
3617	  8.498190	 41.241989	 34.638252	 -0.677250	 -0.930279	 -0.392323	
3618	 17.992853	 14.871786	 15.588384	 -0.594956	 -0.203080	  1.172335	
3619	 15.413644	  8.215560	  2.291950	  0.476113	 -0.703694	  0.417441	
3620	 11.719874	 23.414677	 46.253551	 -0.350048	 -0.146544	  0.621511	
3621	 17.251579	  1.333522	 39.411526	 -0.341051	  0.290539	  1.596456	
3622	 27.971783	  6.627401	 11.603941	  0.696225	  1.569444	 -0.373359	
3623	 23.988920	  8.283724	 44.541523	 -0.177345	 -0.475994	  0.371584	
3624	 34.525707	 34.438828	 31.061148	 -0.775150	  1.012950	  0.100093	
3625	 42.162773	  1.437367	  7.809197	  0.197038	  0.708453	  0.310354	
3626	 11.385590	 31.242466	 21.979753	 -0.673542	 -0.195357	  0.197236	
3627	 20.790934	 13.407932	 11.108033	  0.055872	  0.495751	 -0.175432	
3628	 21.476534	  8.634849	 11.930378	 -0.162730	  0.260152	  0.098818	
3629	 41.128983	 28.528427	 28.449018	 -0.102850	  0.133845	 -0.884086	
3630	 38.920174	 10.572461	 14.736837	 -0.719982	 -0.504382	 -0.478195	
3631	 24.000683	  4.351032	 29.922207	  0.004150	 -0.623612	 -0.410094	
3632	 23.106386	 47.013962	 42.810894	 -0.368659	  0.109047	  0.257589	
3633	 31.830315	 22.183508	 33.412945	 -0.780885	  0.431276	 -0.184647	
3634	 14.310455	  6.283596	 30.964249	 -0.322737	 -0.218369	  0.510159	
3635	 44.162304	 34.864025	 21.747538	  0.733125	  1.892611	 -0.203851	
3636	 19.007816	  9.854757	 43.894356	  0.369389	  0.139907	 -0.105351	
3637	 39.544865	 24.183842	 11.336311	  0.597530	  1.180723	 -0.154521	
3638	 38.806313	 20.740591	 14.825100	 -0.121612	  1.009343	 -0.476883	
3639	 26.834883	 34.544792	 29.181507	  0.680603	 -0.674506	  0.129996	
3640	 29.849184	  6.190823	 21.706085	  0.273251	  0.450836	  0.793373	
3641	 16.562813	 24.046625	 28.467529	 -0.328081	  0.854769	  0.183559	
3642	 36.588875	 13.184744	 32.757122	 -0.001378	  0.851633	 -0.436144	
3643	 27.884710	 45.068119	 16.316402	  0.789482	 -0.344437	 -0.899431	
3644	 16.127048	  0.622720	 16.730860	 -0.387244	  1.446905	 -0.467856	
3645	  6.613976	 30.350296	 25.238192	  1.032262	  0.548485	  0.033870	
3646	 46.407249	 30.542732	 44.239861	 -0.252829	 -0.953726	  0.207473	
3647	 20.277782	  9.548488	 32.929420	 -0.905798	  1.072264	  0.653773	
3648	 10.196333	 28.762497	  2.905081	  0.027700	  0.912697	  0.062275	
3649	 11.910482	 47.356041	  0.083512	 -0.295945	 -0.276199	 -1.062582	
3650	 22.320541	  5.121688	 19.326731	 -0.657192	  0.535232	 -0.144499	
3651	 42.036892	  5.555407	 41.739841	 -0.027995	  0.422889	 -1.126599	
3652	 32.449924	 18.922106	 11.766070	 -0.796859	  0.184247	 -0.414902	
3653	  7.945908	 31.848682	 21.467472	  0.227537	 -0.684342	  0.139221	
3654	 25.327721	 23.307154	 31.849934	  0.177531	  0.665239	 -0.034301	
3655	 30.185099	  9.940051	  5.320561	 -0.144374	  0.410957	 -0.150883	
3656	 34.404682	 14.942871	 14.557968	  0.240236	 -1.024615	  0.938794	
3657	  0.003781	 20.692440	 25.874510	 -0.009593	 -0.022086	 -0.854773	
3658	 37.422871	  9.952303	 44.616123	 -0.720715	  0.049731	 -0.353709	
3659	  4.754965	 40.935284	 27.800713	  0.114195	 -0.427874	  0.548227	
3660	 39.975456	 20.800129	 38.259548	  0.226323	 -0.837151	  0.460664	
3661	 41.695118	 36.282925	 25.808578	 -0.043147	  1.124548	  0.116948	
3662	 45.029442	 37.245174	  0.573255	  0.151746	 -0.862559	  0.687410	
3663	 39.712288	 25.781145	 47.242710	  0.046682	 -0.906217	 -0.327680	
3664	 41.797760	 40.087795	 13.243858	  0.056035	 -0.833479	  0.428222	
3665	  7.375602	 35.491974	 41.809982	 -0.975111	  0.703793	  0.118576	
3666	  4.594788	 19.429893	 21.512451	  0.502262	 -0.688401	 -0.832003	
3667	 13.750490	 29.707224	 28.423149	 -0.295338	 -0.199322	 -0.026008	
3668	  7.075891	 11.516051	 20.684021	 -0.785806	  0.877379	 -0.335864	
3669	 14.576123	  4.840378	 31.883919	 -0.534724	 -0.408498	 -1.166079	
3670	 13.279373	 31.562014	  9.502253	  0.293273	  0.151600	 -0.010013	
3671	 18.436659	 41.540134	 22.125414	 -0.439997	 -0.113417	  0.166280	
3672	 25.189911	  4.662107	 46.000111	 -0.351314	 -0.901668	  0.798490	
3673	 46.628647	 23.929003	 11.410459	  0.586823	 -0.214392	  0.301154	
3674	 12.015949	 10.175225	 45.394924	  0.485103	  0.729227	 -0.790634	
3675	 40.229153	 31.491257	 31.737270	 -0.569128	 -0.359499	  1.110306	
3676	 36.887897	  0.746113	 11.307764	 -0.484142	  0.513903	 -0.152528	
3677	  6.016778	  6.095875	 24.354158	 -0.076132	  0.298844	  0.385526	
3678	 35.681229	 39.899967	  2.301659	 -0.588000	 -0.024664	 -0.431963	
3679	 46.686131	 30.545668	  7.000546	  0.090315	 -0.665166	 -0.615499	
3680	 29.567593	 27.149336	 21.723078	 -1.015407	 -1.198298	 -0.221824	
3681	 29.299294	 23.073105	 29.722240	  1.319939	 -0.426074	  0.178961	
3682	  4.824980	 36.763424	 29.163837	  0.625998	  0.505280	 -0.179998	
3683	 11.292300	 23.589052	 41.295319	  0.316894	 -0.024769	  0.376609	
3684	  7.538430	  6.368796	  8.665311	  0.323066	  0.641980	  0.714118	
3685	 12.811036	  6.900548	  3.026569	  1.003261	 -0.506652	  0.010278	
3686	 44.331413	 10.405988	 46.481190	  0.504201	  0.739707	  0.507682	
3687	 10.447819	 21.805538	 19.457846	 -0.475493	  0.070350	  0.147052	
3688	 16.671402	 17.299370	  3.430466	 -0.942306	 -0.231517	 -0.243662	
3689	 46.283199	 39.463757	 27.844822	 -0.237047	 -1.273503	 -0.277361	
3690	 11.405804	 46.804688	  9.807872	  0.765146	  0.807881	 -0.310626	
3691	  8.175883	 36.373104	 33.241657	 -0.808028	  0.308623	  0.998938	
3692	 20.790953	  0.867220	  1.154408	  0.150288	  1.084813	  0.018059	
3693	 34.778511	  2.084754	 11.033811	  0.704823	 -0.386032	  0.025685	
3694	 31.227394	 41.300747	 13.567090	  0.187663	  0.747394	 -1.274225	
3695	 10.694933	 16.930021	 34.973656	 -0.329423	 -0.120558	 -0.467542	
3696	 22.125475	 38.735950	 24.885399	  0.111329	 -0.209071	 -0.344583	
3697	  0.160758	  5.920451	 35.544857	  0.862025	  0.159447	 -0.654192	
3698	  5.687175	 39.017258	 21.600716	  0.552536	  0.056758	 -0.416472	
3699	 20.243416	 37.407867	  6.005811	  0.028343	  0.626104	 -0.184468	
3700	 46.176117	  1.302585	 39.152908	 -0.218725	  0.213218	  0.846395	
3701	 37.691605	  2.580616	 47.833420	 -0.835085	  0.102039	 -0.441260	
3702	 11.024894	  1.567459	 25.171059	 -0.228967	  0.212718	 -0.096316	
3703	  4.548806	 19.006876	  9.433953	  0.105066	 -0.621511	 -0.261549	
3704	 13.389926	 22.980415	 32.206078	  0.373766	 -0.477325	 -0.253420	
3705	 43.002480	 18.275988	 32.292774	 -0.310221	  0.330562	 -0.767376	
3706	 39.300919	 37.388874	 30.271099	  0.096639	  0.467300	 -0.517940	
3707	  4.938276	 33.501396	 35.385887	 -0.690754	  0.893814	 -0.348633	
3708	 20.273964	 26.458448	 13.194813	  0.959034	  0.309943	 -0.387690	
3709	 20.315542	 20.998474	 32.414536	  1.470396	 -0.351415	  0.093695	
3710	 34.968582	 36.209488	  8.620508	  0.555485	 -0.098038	  0.921895	
3711	 22.036062	 31.943148	  0.734391	  0.257425	  0.100080	 -0.240617	
3712	 27.726683	 11.344735	 11.150462	 -0.310148	 -0.643780	 -0.036433	
3713	 21.709448	 36.967983	 42.522583	  0.783848	 -0.295601	 -0.107138	
3714	 23.372725	 41.097446	 44.001888	 -0.050217	 -0.315672	 -0.298535	
3715	  0.010318	 32.737568	  1.589000	  0.467962	  0.235450	  0.271088	
3716	 16.690451	  8.329044	 34.341930	 -0.089759	 -0.568049	  0.295039	
3717	  3.085840	 14.375314	 15.160150	  0.459007	  0.204752	  1.269064	
3718	  9.178945	  7.717214	  8.846845	  0.398273	  0.583302	  0.018872	
3719	 28.860905	 43.971577	 46.210426	 -0.403153	 -0.320026	  0.325564	
3720	  8.273241	 12.683646	 29.181499	 -0.681155	 -0.330183	 -0.053423	
3721	 30.325279	 16.324114	  7.275290	  0.458859	  0.191758	  0.706038	
3722	 33.763031	 21.232786	  4.474519	 -0.273252	  0.789053	  0.774244	
3723	 24.516560	 34.808533	  4.549464	  0.750491	 -0.097529	 -0.068212	
3724	  6.176666	 17.910389	 19.820747	 -0.059417	 -0.900610	 -0.329461	
3725	 43.265087	 27.290943	 31.983685	  1.235217	  1.045695	 -0.896981	
3726	  9.100700	 35.156158	 31.872696	 -0.260767	 -0.064560	 -0.741761	
3727	 37.013111	 40.421257	 25.293024	  0.551579	 -1.056017	  0.641191	
3728	 18.689489	 46.936661	 26.681320	  0.587030	 -0.591955	  0.354943	
3729	 39.961304	 10.804026	 20.232840	  0.661579	 -0.216130	 -0.070011	
3730	 44.940048	 19.560955	 30.132353	 -0.552244	  0.561190	 -0.464384	
3731	 22.303055	 28.510139	 43.069275	  0.406770	 -0.355127	  0.076194	
3732	 42.274315	 23.896362	 11.285428	  0.818431	 -0.566136	 -0.098291	
3733	 11.997721	 11.867149	 40.930351	  0.720333	  0.336199	 -0.878067	
3734	 45.615845	  6.209891	 46.538071	 -0.646127	  0.524912	  0.554064	
3735	  6.566372	 29.325836	  5.606937	  0.292456	  0.775290	  0.369902	
3736	 44.134647	 14.820287	 40.568657	  0.905078	 -0.361323	  0.224230	
3737	  6.310713	 35.209545	 39.889439	 -0.019442	  0.845655	 -0.022497	
3738	 17.504644	 29.080572	  1.813904	 -0.208641	  0.101449	  0.083149	
3739	 19.604668	 41.847443	 15.857909	 -0.686944	  0.362362	  0.956958	
3740	  9.922389	 10.841644	 14.749861	 -0.005165	  0.133244	 -0.242755	
3741	 18.029955	  0.987504	  2.759611	 -0.098588	  0.649395	  0.604284	
3742	  2.387091	 40.518845	 39.565987	  0.084608	 -0.711927	  1.000863	
3743	  5.777973	 29.598454	 45.372047	 -1.555872	  0.338109	 -0.067998	
3744	 20.690140	 11.041290	 45.048538	 -0.546397	  0.304839	  0.993039	
3745	 42.460434	  3.930186	 45.253510	  0.268767	  0.123780	  0.224128	
3746	  3.658852	  6.129669	 28.454559	 -0.339811	 -0.488123	  0.565398	
3747	 28.470566	  8.179979	 18.860443	  0.613409	 -0.005267	  0.251838	
3748	 33.912014	  6.779550	 16.376942	  0.736210	 -0.749592	  0.920409	
3749	 20.477152	 38.827621	 21.471355	  0.201566	  0.298653	 -0.260878	
3750	 22.679935	 47.318565	  6.271423	 -0.175111	  0.408013	 -0.858831	
3751	 46.956829	 12.851467	 34.201649	  0.396740	 -0.099455	  0.034316	
3752	 35.290970	 30.660582	 41.153004	 -1.115460	  0.829905	 -0.106110	
3753	 31.862663	 30.178471	 45.290012	  0.035111	  0.106324	 -0.413706	
3754	 25.943665	 21.973900	 38.450207	  0.486015	 -0.121830	  0.557667	
3755	 19.260529	 11.341776	 34.417656	  1.197087	 -0.264413	  0.138093	
3756	  4.203918	 11.336334	 12.267628	 -0.270743	 -0.728961	  0.391298	
3757	  3.839619	  1.166156	 19.712206	 -1.139181	  0.427828	  0.365918	
3758	 36.509056	 41.627903	 34.736561	 -0.230588	  1.036856	 -0.710164	
3759	  3.671792	 10.213838	 36.284950	 -0.359280	  0.292144	  1.427953	
3760	  1.367800	 17.876907	  8.055729	  0.387291	  0.249458	 -0.619925	
3761	  5.338610	 24.531790	 45.183811	  0.191286	 -0.307338	  0.669675	
3762	 15.871371	 15.488894	 30.640640	 -0.798711	  0.115002	 -0.761110	
3763	 33.899818	  9.844233	 13.708286	 -0.490448	  0.441276	 -0.197382	
3764	 18.807791	  0.664897	  0.823517	  0.255118	 -0.066001	  0.244929	
3765	 38.061501	 16.334793	 37.688835	 -0.081524	 -0.040127	  0.532558	
3766	  4.439208	 38.708458	 21.439358	  0.130585	 -0.329211	 -0.959026	
3767	 40.293407	 23.619640	 19.561626	 -0.408824	 -0.880013	  0.259372	
3768	 15.788584	 31.333006	 36.503998	  0.215022	  1.335305	  0.070036	
3769	 39.476826	 15.105442	  3.896560	 -1.016382	  0.437923	 -0.468208	
3770	 13.937361	 26.448040	 21.130117	 -0.148982	  0.340986	  0.443959	
3771	  3.583910	 16.505613	 22.979172	 -0.189049	 -0.216842	  0.612605	
3772	 24.178684	 20.935062	 45.183880	 -0.595519	 -0.622394	  0.012670	
3773	 12.446432	 29.886278	  4.744506	 -0.829096	  0.092310	 -0.229554	
3774	 28.008072	  3.720885	 43.028667	  0.762938	  0.338989	  0.562658	
3775	 46.846912	 11.436035	 16.294361	  0.059942	 -0.348557	  1.249493	
3776	 30.230221	 40.549110	 38.139317	 -0.845506	  0.882346	  0.235727	
3777	 35.528721	 40.884239	  5.778430	 -0.310223	  0.117491	  0.388790	
3778	 11.316859	  9.658274	 45.621220	  0.445539	  0.299440	  0.843701	
3779	 46.579254	  5.586498	 33.648029	 -0.619649	 -0.338566	 -0.142967	
3780	  3.977958	 18.069592	 20.303450	 -0.087682	  0.156094	  0.373801	
3781	 35.406334	 21.765312	 40.828411	 -0.430327	 -0.734503	 -0.789283	
3782	  7.025558	 33.325550	 29.972015	 -0.712825	 -0.158574	 -0.341666	
3783	 46.166519	 21.319736	  1.036811	  0.428411	 -0.474139	 -0.542903	
3784	 47.543304	 23.548756	 17.636322	 -0.910153	  0.868099	  0.122228	
3785	 32.682610	 45.553589	 16.578846	  0.086911	 -0.956082	  0.279916	
3786	 31.696676	 16.321205	 20.232311	 -0.320686	 -1.342129	 -0.317714	
3787	 15.840640	 43.653175	 33.360386	 -0.046252	 -0.245843	 -0.054541	
3788	 31.681355	  4.230677	 41.556984	 -0.051919	  0.477515	 -0.394081	
3789	  8.856535	  0.820595	 40.583157	  0.064474	 -0.681304	 -0.101111	
3790	 10.717066	 33.466167	 12.104970	 -0.166816	 -0.072872	  0.433142	
3791	 39.030396	 31.482141	 12.307681	 -0.305258	 -0.113475	 -0.595215	
3792	 46.291416	 12.143627	 33.178356	  0.685214	 -0.081431	  0.131342	
3793	 30.355568	 30.221584	 35.005226	 -0.632714	 -0.406983	  0.426041	
3794	 33.441982	 10.635910	 31.353081	  0.294989	  0.549707	 -0.614046	
3795	 13.244305	 18.925783	  0.861256	 -0.023025	 -0.071415	  0.367973	
3796	 17.841057	 12.655035	  2.376650	  0.255367	 -0.312619	 -0.148369	
3797	 19.518591	 18.200996	  3.121562	 -0.096110	  0.943019	  0.043742	
3798	 33.909821	 11.548470	 25.098637	  0.176221	  0.321238	 -0.246743	
3799	 22.962616	 10.369769	 21.206247	 -1.011797	 -0.205903	 -0.089062	
3800	  1.390277	 36.776585	  0.130871	 -0.199671	 -0.413961	  0.814449	
3801	 24.233459	 10.415497	 36.544182	 -0.225048	 -0.999421	  0.051371	
3802	  8.394739	  9.695759	 33.576077	 -0.684517	 -0.655476	  0.585558	
3803	 33.934414	 14.332970	 13.923210	  0.803588	 -0.515439	 -0.423949	
3804	 37.021843	 36.308182	  2.385641	 -1.070740	  0.321751	 -0.155458	
3805	  8.756897	 36.788036	 35.613205	 -0.383406	 -0.060682	 -0.597889	
3806	  8.965938	 32.862625	 32.383621	  0.177348	  0.906992	 -0.164767	
3807	 17.809769	 20.416943	 36.268555	  0.616351	  0.004342	 -0.038642	
3808	 27.975119	 23.273422	  7.640629	 -0.050028	  0.362847	  0.579390	
3809	 20.574980	 34.410069	 37.246914	  0.117738	 -1.073346	 -0.115685	
3810	 28.586691	 46.609169	 16.085241	  0.974649	  0.422936	 -0.165884	
3811	 30.475361	 42.165421	 28.283051	 -0.371103	  0.066945	 -0.225858	
3812	 44.470200	 36.103844	 21.690289	  0.662787	 -0.029598	 -1.454850	
3813	 34.282379	 29.182983	  3.667012	 -0.570420	  0.097875	  0.815501	
3814	 21.712715	 29.939495	 44.211529	 -0.515599	 -0.133106	  0.493842	
3815	 21.679390	 28.010509	 23.338190	  1.389636	  0.437417	  1.002319	
3816	 14.144596	  9.493008	 19.636532	 -0.294823	  0.479904	  0.977705	
3817	 30.434677	 33.626675	 33.175468	  0.035872	 -0.893873	  0.576041	
3818	 29.047039	 31.810219	 18.522449	  0.047990	 -0.233440	  1.010964	
3819	 43.031445	 44.952663	 45.031582	 -0.137521	 -0.275315	 -0.403916	
3820	  0.771816	 38.382229	 25.122538	 -0.425304	 -0.008739	 -0.111243	
3821	 26.289532	 12.771656	 40.931190	  0.168289	  1.315345	 -0.001756	
3822	 47.072487	 11.571716	 44.097286	  0.241922	  0.607846	 -0.371996	
3823	 46.662323	 11.649364	 19.633472	 -0.453528	  0.261936	 -0.879976	
3824	 14.057758	 41.948544	  7.454927	  0.065428	  0.679177	 -0.731052	
3825	 30.384281	 22.399868	 30.074299	 -1.163104	 -0.063499	 -0.189281	
3826	  2.136865	  8.148600	 44.895504	 -0.214724	 -0.616518	 -0.543998	
3827	 24.134552	  6.402959	 38.362038	 -0.112578	 -0.086119	 -0.653818	
3828	 14.349285	 16.032389	  9.183873	 -0.180211	 -0.187403	 -0.931084	
3829	 20.007601	 44.163548	 33.126030	 -1.131681	  0.416887	  0.907378	
3830	 33.673527	 24.888435	 41.127274	  0.398524	  0.664338	 -0.569854	
3831	  8.236377	 41.275631	 43.558079	  0.087179	  1.144597	 -0.440400	
3832	 25.935436	 14.675615	  7.338547	  0.023540	 -0.125999	 -0.782528	
3833	 18.885767	 37.986832	 15.194333	  0.652616	 -0.348529	  0.715877	
3834	 19.550306	 20.523355	  9.057497	  0.100541	 -0.467928	 -0.989587	
3835	 47.146442	 30.161036	 45.643211	  0.293945	 -1.350637	 -0.150258	
3836	  4.514621	 25.876509	 29.616924	  0.278083	  0.367476	 -0.703003	
3837	 13.291503	 16.480204	 10.891866	  0.524746	 -0.565022	  0.057384	
3838	  3.122279	 32.422653	  6.347003	  0.726918	 -0.275626	  0.243890	
3839	 28.075802	 32.511925	 42.500137	 -0.361846	 -0.340368	 -0.398805	
3840	 39.472099	 45.388275	 41.861214	  0.620389	 -0.372959	  0.133876	
3841	 29.306767	 28.013390	 29.323048	  0.442220	  0.573861	 -0.068299	
3842	 43.477970	 18.150257	 26.637802	  0.610249	  0.483514	 -0.644371	
3843	 11.048951	  7.153440	 23.716251	  0.686064	 -1.202219	  1.010818	
3844	 34.947922	  3.747307	  6.795191	 -0.548650	  0.364569	 -0.338215	
3845	 42.849613	 29.521931	 32.949375	  0.453620	  0.006451	  0.891172	
3846	 14.331624	 34.742058	 11.886705	 -0.095529	 -0.076080	  0.104195	
3847	 25.509129	 47.393486	 34.952435	 -0.933409	  0.317807	  0.913393	
3848	 46.780338	 43.592003	 46.193775	  0.467307	 -0.539299	 -0.853125	
3849	 44.568027	 40.344742	 43.404575	 -0.262360	  0.203908	  1.175424	
3850	 18.502417	 44.785172	 29.834129	 -0.405685	  0.612537	 -1.148525	
3851	 47.753490	 21.934311	 12.220444	 -0.390026	 -0.232680	 -0.992156	
3852	 19.769630	 19.283966	  0.084653	  0.729069	  0.191538	 -0.507522	
3853	  6.283183	 18.348495	  6.008842	  0.531625	 -0.646834	 -0.854438	
3854	 27.345297	 38.164391	 30.931932	 -0.540724	  0.016264	  0.492032	
3855	 31.109701	 36.307178	  3.575537	  0.378120	 -0.224272	  0.005402	
3856	 18.204979	 44.590157	 37.444828	 -0.892160	 -0.246295	  0.168520	
3857	 27.671200	  9.336008	 35.804375	 -0.863082	 -0.242571	 -0.463825	
3858	 22.043226	 43.811573	 15.534498	 -0.507293	 -1.357134	  0.578877	
3859	 18.355995	 32.735497	  3.904323	 -1.018207	 -0.350829	 -0.173050	
3860	 45.964630	 31.533775	 18.854752	 -0.099358	 -0.552823	  1.423506	
3861	 22.304453	 13.866980	 14.439545	  0.278285	 -0.092362	 -0.154138	
3862	  1.157642	 17.490047	 21.751970	  0.116089	 -0.511837	  0.766675	
3863	 21.936289	 27.310431	 26.255535	 -0.058509	  0.151834	 -0.067578	
3864	 31.141296	 46.543957	  7.776453	 -0.502087	  0.849532	  0.161877	
3865	 20.002539	 36.417053	 31.433838	 -0.306471	  0.491296	  0.578969	
3866	 20.974720	 28.698465	 26.927696	 -0.589122	  0.667086	 -1.531123	
3867	 41.463474	 12.697908	 29.119164	 -0.424915	  0.233685	 -0.978441	
3868	 31.759626	  8.910159	 26.395002	  0.472717	 -0.255979	 -0.242955	
3869	 45.378448	 37.185619	 20.219856	  0.417959	 -0.757296	 -0.120693	
3870	 47.406010	 34.986423	 25.494080	 -0.183408	  0.704374	  0.118865	
3871	 11.021313	 30.627132	 45.811180	  0.192385	 -0.624297	  0.162557	
3872	 26.271513	 34.079178	 20.293436	  0.402444	  0.334641	  0.996436	
3873	  3.063595	  2.437495	 38.812534	 -0.623659	 -0.002392	  0.514101	
3874	 21.682039	 35.458374	  4.301605	  0.677029	  1.256037	  0.288399	
3875	  4.440502	  1.668314	 20.657688	 -0.929642	  0.689488	  0.279349	
3876	  1.627948	 37.087086	 21.804417	 -0.092371	  0.089661	  0.655601	
3877	 40.420845	  2.429787	 11.720455	 -0.066356	 -0.126555	  0.007921	
3878	  2.159936	 43.470146	  9.978141	 -0.425055	 -0.136603	  0.067959	
3879	 42.821560	 12.962458	 15.074136	  0.067999	 -0.057189	  0.583212	
3880	 13.607230	  0.612691	 15.414375	  0.121480	  0.309254	 -0.231151	
3881	 37.783966	 28.643377	 10.110579	 -1.269633	  0.595206	  0.201667	
3882	 38.723633	  2.939951	 13.325449	  0.608717	  0.216505	 -0.173545	
3883	 37.350685	  8.465577	 37.288094	  0.574072	 -0.017611	 -0.134681	
3884	 18.140182	 37.212921	 38.727917	  0.094791	 -0.066172	  0.686867	
3885	 22.763727	 32.115101	 46.242947	  0.201840	  0.050187	  0.000901	
3886	 30.367050	 28.806366	 34.445908	 -0.209018	 -0.038129	 -0.406815	
3887	 10.574342	  0.263090	 30.896862	  0.039821	 -0.105633	 -1.664378	
3888	 41.968960	 28.739889	 28.694326	  0.079733	  0.396787	  0.255157	
3889	 32.899918	  6.470255	 18.888515	 -0.265340	  0.057175	 -0.499653	
3890	 32.768795	 39.009342	 32.645363	  0.814359	  0.216632	 -0.416241	
3891	 26.383015	 11.518790	 23.923866	 -0.266904	  0.145086	 -0.568400	
3892	 22.196257	 46.258404	  1.765498	  0.419726	 -0.911675	  0.258034	
3893	 42.402729	  2.881378	 34.586712	  0.212360	  0.344933	 -0.666536	
3894	 24.848623	 40.539825	  8.525897	  0.316628	  0.142129	 -1.253918	
3895	 18.748446	  0.386783	  7.996439	  0.093201	 -0.119559	  0.202259	
3896	 22.107941	 28.472288	 18.069580	 -0.387923	  0.632625	 -0.618421	
3897	  7.382813	 35.882500	 43.138596	 -1.364286	  0.352674	 -1.117066	
3898	 30.769268	 41.539589	 17.271624	 -0.425104	  0.613648	 -0.288402	
3899	 25.754719	 12.792293	 15.817752	 -0.603499	  0.345857	  0.438973	
3900	  2.474668	 24.683247	 12.802553	  0.274041	 -0.044936	  0.458289	
3901	 10.003258	 12.801426	 20.757406	  0.269533	  0.468453	 -0.021062	
3902	 41.756908	 27.808432	 46.212578	  1.045138	 -0.174201	  1.012555	
3903	 44.186226	 22.742451	  2.471922	  1.308868	  0.310768	 -0.026441	
3904	  1.382940	 41.299049	 33.178360	  0.690294	  0.024520	 -0.974061	
3905	 16.228266	 26.385323	 13.496626	 -0.432914	 -0.369681	  0.088924	
3906	 34.313145	 35.112743	  7.446461	  0.032922	 -0.193381	  0.340726	
3907	 33.118172	 17.852587	 41.431217	  0.240753	  0.524075	  0.203352	
3908	 35.157555	 35.016178	 16.486629	  0.058278	  0.256266	  0.373939	
3909	 26.810005	 20.878492	 33.483746	 -0.021713	  0.084181	  1.100177	
3910	 32.140194	 23.915966	  8.717435	 -0.502233	 -0.660242	  0.213304	
3911	 26.832893	 21.966871	  6.175748	  0.266256	  0.008266	 -1.090537	
3912	 43.659691	 44.699841	 42.418743	 -0.156007	 -0.675957	 -1.050057	
3913	 20.391392	 26.789904	  9.407069	  0.956593	  0.793718	  0.394673	
3914	 43.974499	 35.979385	 14.035000	  0.476761	 -0.763137	  0.436258	
3915	 42.190521	 23.830088	 35.079769	  0.459741	  0.961083	 -0.714911	
3916	  0.284141	 12.866190	 47.884483	 -0.456597	 -0.457242	  0.578973	
3917	  8.227516	 32.959663	 31.459669	  0.197513	 -0.168096	 -0.120012	
3918	 40.785213	 16.995661	  7.908141	  0.356648	  0.307822	 -1.304321	
3919	 31.510843	 27.442616	 33.835190	 -0.696382	 -0.261264	 -0.011651	
3920	 10.134756	  0.113254	  5.237014	 -1.091333	  0.443466	 -0.263923	
3921	 15.316774	 25.093176	  8.449790	  0.780126	  0.335553	  0.168506	
3922	  8.146870	 47.744770	 29.135418	 -0.400123	  0.008898	 -0.251029	
3923	 12.345016	 26.063707	 28.268408	  0.283262	 -0.323347	  0.216765	
3924	 42.578766	 33.194599	 37.114342	  0.677343	  0.211671	  0.704557	
3925	 10.741044	 31.777596	 23.328922	 -1.010007	 -0.091929	  0.389453	
3926	 22.709707	 19.069336	 25.645931	  0.489330	  0.247715	 -0.885567	
3927	  0.930935	 38.273567	  4.126589	  0.045008	 -0.279707	  0.203750	
3928	 26.634232	 31.641413	  3.262859	 -0.248894	  0.587460	 -0.753964	
3929	 22.122116	 41.963505	 26.545528	 -0.075812	  0.528817	  0.440439	
3930	 11.802097	 35.912563	 27.482306	  0.020670	  1.018520	 -0.125757	
3931	 37.827427	 39.687031	  5.837158	 -0.206022	 -0.513066	  0.416987	
3932	 40.658871	  5.389479	 28.788889	 -0.661928	  0.429531	 -0.227107	
3933	  3.248004	 30.968277	  9.278430	 -0.289255	  0.036140	  0.487819	
3934	 11.733048	 30.658264	 38.186359	  0.387616	 -0.921549	 -0.022395	
3935	 23.000505	 44.157024	 28.271137	  0.235543	 -0.740779	 -0.343510	
3936	 31.044607	  4.385103	 29.078716	  0.153511	 -0.960734	 -1.415616	
3937	 40.827599	 31.373924	 40.650352	  0.493995	 -0.803671	  0.124346	
3938	  3.452868	 17.623703	  7.282490	 -0.348317	 -0.187438	 -0.639717	
3939	 20.293085	 19.027218	 23.727081	  0.914441	  0.431691	  1.226245	
3940	  9.928716	 31.640560	 21.132511	 -0.266707	  0.207403	 -0.012706	
3941	 18.057871	 40.512569	  2.667872	  0.577883	 -0.064189	 -0.591572	
3942	 20.706823	 27.183346	 41.271816	  0.758902	 -0.527007	  0.514263	
3943	 29.941374	 46.440727	 10.669124	  0.351886	  1.333339	 -0.283804	
3944	 34.940552	  2.959088	  4.592109	 -0.134237	  0.705148	  0.345929	
3945	  5.127095	 35.807400	 31.625298	  0.064447	 -0.616333	 -1.178451	
3946	 47.026154	  9.067061	 31.098499	  0.247831	 -0.891531	 -0.045541	
3947	 19.631218	  9.443460	 43.108921	  0.164973	 -0.634469	  0.800033	
3948	 20.343340	 31.362108	 23.255615	  0.378528	  0.492806	  0.417324	
3949	 45.269646	 37.918377	 37.631798	  0.802239	  0.760308	  0.858073	
3950	 18.984833	 11.222665	 10.592117	  0.171429	  0.393767	  0.583914	
3951	 20.077723	  0.852203	 17.553898	  0.226197	  0.611143	  0.519294	
3952	  2.171922	 42.109699	  7.836618	  0.006143	 -0.467737	 -0.108050	
3953	  5.162584	 21.677399	  4.046826	  0.933690	  0.539873	  0.134535	
3954	 21.532780	 39.405884	 31.848351	 -0.193224	 -0.157696	 -0.851091	
3955	 11.230869	 17.346165	  2.891653	 -0.859806	  0.840408	 -0.036568	
3956	 29.028374	 46.668198	  4.301382	  0.557023	 -0.426674	  0.696874	
3957	 11.746485	 32.411057	 34.338501	 -0.911116	  0.770996	 -0.137084	
3958	 38.762829	  1.997067	 42.427673	  0.298594	  0.223757	  0.107556	
3959	 46.255894	  9.217315	 25.020668	  0.523189	 -0.727211	 -0.585258	
3960	 41.330200	 38.489300	 15.707788	 -0.488704	 -0.091080	 -0.859655	
3961	 20.486492	  9.010098	 19.922277	 -0.846939	  0.106597	  1.134958	
3962	 10.565812	 47.035107	 34.291492	  0.098144	 -0.554111	  0.229886	
3963	  0.701946	  0.285725	 26.042715	  0.085920	 -0.147121	  0.314207	
3964	  2.000589	 34.097752	  4.675611	  0.682442	 -0.583755	  0.065045	
3965	 21.155458	 36.234154	 44.162727	  1.052945	 -0.375619	  0.294829	
3966	 23.856245	 34.144863	 19.846132	  0.247070	  1.110023	 -0.328679	
3967	  4.334964	  4.568559	 21.471457	  0.189971	 -0.500334	  0.369137	
3968	 28.065126	 13.379158	 14.238873	  0.974428	 -0.148749	 -0.546612	
3969	 24.340179	 34.498909	 18.493841	 -0.563764	 -0.111246	 -0.707004	
3970	  9.367398	 10.358221	  1.185744	  0.536886	 -0.347748	  0.144306	
3971	 41.389233	 39.765640	 10.871696	  0.210250	 -0.636553	  0.029950	
3972	 43.750286	 29.865082	 35.827293	 -0.367872	  0.051803	 -0.975360	
3973	 29.036766	  9.180522	 21.465866	  0.896251	  0.260417	  0.679336	
3974	 43.368237	 46.684017	  2.415280	 -0.162546	 -0.586808	  0.235422	
3975	 24.469372	 31.876436	 35.346867	 -0.534827	 -0.600687	  0.512318	
3976	 19.267874	 38.734650	 37.737522	 -0.044097	 -0.897543	  0.321639	
3977	 14.983291	 14.053370	 28.154652	  0.306214	 -0.694814	 -0.910177	
3978	 38.097874	 21.613503	 16.885332	 -0.408067	 -0.576210	 -0.962819	
3979	 18.725447	 38.479836	  3.936459	 -1.128203	  0.365819	  0.149575	
3980	 39.324482	 27.211119	 37.931522	 -0.475017	  0.494559	 -0.210964	
3981	 15.123692	 20.162821	 41.329407	 -0.949818	  0.244335	  0.018384	
3982	 13.765914	 43.992031	  9.887139	  0.878868	 -0.492050	  0.533817	
3983	 27.330219	 31.688484	 29.448153	 -0.523955	 -0.974898	 -0.563597	
3984	 44.972164	 31.842487	 27.577770	 -0.121373	 -0.158837	 -1.025891	
3985	 45.738632	 34.220074	 32.257240	  0.199865	 -0.137692	  0.853763	
3986	 24.208111	 40.607479	 42.544945	 -0.417989	 -0.160740	  0.380258	
3987	 14.710611	 34.422291	  5.874412	  0.331190	  1.189098	  0.358173	
3988	 41.029881	 44.226105	  4.495795	 -0.623526	 -0.589995	  0.366682	
3989	 46.433468	 26.109709	  8.325109	  0.463303	 -0.103560	 -0.549391	
3990	 47.847908	 28.615557	 21.174828	  1.310549	  0.230267	 -0.077204	
3991	 19.930399	  3.976024	 36.776291	 -0.135437	 -0.452851	 -0.129504	
3992	 47.342529	 17.397911	 34.337105	 -0.222075	  0.698951	 -0.052727	
3993	 12.724159	 47.811264	 13.473716	  0.923231	 -0.159466	 -0.819082	
3994	 39.332916	 43.138935	 11.242461	 -0.469034	 -0.316601	 -0.235237	
3995	 43.842667	 45.667004	 15.854318	  0.548530	  0.079754	  0.824456	
3996	 38.589451	  6.076052	 42.441044	 -0.917930	  0.327611	  0.721232	
3997	 16.621161	 31.488361	 41.494629	  0.528691	 -0.307833	 -0.381532	
3998	 13.832867	 24.185064	 24.545465	 -0.048160	 -0.604025	 -0.299949	
3999	 20.277498	  1.204769	 21.215284	  0.737256	 -0.274110	 -0.445309	
